-1.85181 -1.05619 -0.38845
-1.84130 -1.04933 -0.18047
-1.93749 -0.89104 -0.22755
1.37215 -1.12157 1.04122
1.24354 -1.13076 0.81687
1.45603 -1.10278 0.87331
1.83925 -1.10630 0.98583
1.70942 -1.11981 1.22677
1.58751 -1.09086 1.02837
-0.64681 -0.73104 3.21733
-0.64083 -0.96695 3.22472
-0.58052 -0.91985 3.26610
2.75169 -1.10970 2.39522
2.60537 -1.10594 2.42922
2.70446 -1.08332 2.18465
1.99086 -1.01934 0.83060
1.84548 -1.08431 0.71456
0.56433 -0.77558 3.20175
0.71795 -0.72730 3.12434
0.61078 -0.62177 3.08578
-1.89359 -0.72104 -0.06782
-1.67741 -0.59261 -0.11881
-1.86565 -0.67773 -0.29090
-1.47020 -0.63249 -0.24129
-1.46315 -0.63995 -0.03047
2.67625 -0.84939 2.09311
2.48596 -0.74188 2.19800
2.71525 -0.68647 2.25549
0.56456 -0.59267 2.89969
0.82815 -0.60570 2.88585
0.71796 -0.67156 2.70734
0.23695 -0.94375 2.67841
0.39790 -0.81693 2.71978
0.42947 -0.89922 2.60865
0.06093 -1.05994 2.51246
-0.01825 -1.00856 2.65569
-0.28528 -0.97342 2.69322
-0.18488 -1.06236 2.53892
-1.03063 -1.02755 0.64115
-0.80874 -1.07844 0.56471
-0.96605 -1.01475 0.40908
2.65442 -0.96584 1.53866
2.64212 -0.99123 1.74272
2.45729 -1.01676 1.64005
-0.64136 -1.10614 0.72076
-0.86903 -1.08880 0.79696
-0.69089 -1.10577 0.96920
1.09730 -1.13991 -2.90933
0.94012 -1.13022 -2.77309
0.95906 -1.14518 -2.92614
1.58692 -1.11590 -2.84153
1.40380 -1.10326 -2.73151
1.44735 -1.11041 -2.85843
2.72188 -1.10666 1.38666
2.49732 -1.08495 1.43395
2.63106 -0.76192 1.68378
2.61480 -0.56507 1.56508
2.42620 -0.69317 1.61459
2.64624 -0.88285 1.87488
2.43430 -0.83803 1.77626
2.45164 -0.85718 2.00110
2.64271 -0.48699 1.35010
2.43199 -0.58063 1.44010
1.03738 -1.15236 -2.07883
0.99509 -1.14596 -1.86309
0.85762 -1.15976 -2.00487
-0.92702 -1.19028 -0.52413
-1.04799 -1.15135 -0.32856
-1.15876 -1.14591 -0.52659
1.70301 -1.06194 -0.14498
1.80997 -0.87259 -0.20093
1.80050 -0.93783 -0.00187
1.50963 -1.12313 1.22551
1.21323 -1.25191 2.17895
1.06084 -1.19987 2.35456
0.96136 -1.32120 2.13218
1.79922 -1.16277 1.97901
1.85825 -1.15154 2.21728
1.60328 -1.15924 2.15050
-0.43254 -1.01397 3.22557
0.43434 -0.91123 3.20234
0.63677 -0.95108 3.12699
-2.09337 -1.01641 -2.01929
-1.88706 -1.10331 -1.95093
-2.06110 -1.02448 -1.79000
-1.20703 -0.83225 -0.11514
-1.11124 -0.89842 -0.29175
-1.28692 -0.75298 -0.32076
-1.21080 -1.07956 1.69646
-1.13304 -1.09278 1.52123
-1.33241 -1.05008 1.47339
0.29714 -1.05116 2.44619
0.43511 -1.08774 2.25008
0.53245 -0.99473 2.43004
0.36412 -1.07554 -0.91280
0.58488 -1.03702 -0.91987
0.47010 -1.04520 -1.11731
-0.48704 -1.04724 -1.03483
-0.31345 -1.08472 -0.83588
-0.21978 -1.06325 -1.05842
-0.49016 -1.10602 1.62062
-0.26324 -1.10571 1.68582
-0.29666 -1.09651 1.43665
-1.06691 -1.14477 -2.53127
-0.85992 -1.16946 -2.56324
-0.92671 -1.17223 -2.34951
-2.01303 -0.67581 -1.80876
-2.11486 -0.82499 -1.66923
-1.96684 -0.66782 -1.58632
-0.24576 -1.27639 -1.07643
-0.07618 -1.26276 -1.29829
0.01551 -1.27902 -1.04614
1.30704 -1.11443 -2.87731
1.18163 -1.14006 -2.69733
-0.32425 -1.23514 -1.67522
-0.20247 -1.25133 -1.85170
-0.11362 -1.25548 -1.66414
0.58660 -1.25111 0.05627
0.67005 -1.24581 0.27908
0.44042 -1.28654 0.23400
-2.45474 -1.09732 1.88189
-2.63806 -1.13845 1.78296
-2.41653 -1.14724 1.67986
0.12539 -1.25435 -1.44037
0.34044 -1.22686 -1.40309
0.18329 -1.25968 -1.23049
1.27144 -1.10597 0.02794
1.09239 -1.13173 -0.13247
1.31419 -1.10561 -0.21292
-2.15071 -0.97914 -2.21923
-1.93791 -1.09978 -2.20729
1.53670 -1.10637 -0.29360
1.49154 -1.11238 -0.06230
-2.45460 -0.83542 2.70896
-2.25777 -0.71514 2.59765
-2.44056 -0.69242 2.52163
-1.99491 -0.87342 1.51125
-2.20995 -0.83547 1.49313
-2.12987 -0.92210 1.69048
-0.21919 -1.10608 0.78113
-0.07648 -1.10584 0.99958
0.03273 -1.09998 0.79588
1.29671 -1.17881 1.24120
1.21592 -1.26245 1.43892
1.07844 -1.26190 1.24427
0.08826 -1.10573 1.44788
0.06891 -1.10572 1.21542
-0.08093 -1.10574 1.37308
0.26507 -1.26186 -1.00447
-0.20881 -1.10581 2.13505
-0.46244 -1.10582 2.16999
-0.32877 -1.09273 2.36284
-0.82451 -1.19013 -0.31526
-0.69117 -1.21926 -0.50859
-0.57970 -1.23698 -0.28803
-0.87999 -1.37492 1.29175
-0.98068 -1.38174 1.54668
-1.12583 -1.29951 1.32366
0.71415 -1.43079 1.82202
0.47708 -1.46336 1.80863
0.61466 -1.45849 1.60100
-0.71664 -1.43855 1.48019
-0.76849 -1.42798 1.71403
-0.63325 -1.43187 1.25111
-0.39518 -1.46691 1.21570
-0.47782 -1.47567 1.43268
0.54867 -1.41540 1.09946
0.74881 -1.34829 1.06644
0.68885 -1.40702 1.23150
0.94556 -1.26327 1.05779
0.87145 -1.34960 1.23997
1.88291 -1.00754 -1.39330
1.95900 -0.84734 -1.51931
1.92559 -0.80197 -1.29678
0.42347 -1.09897 0.27019
0.56780 -1.06254 0.08284
0.32014 -1.08566 0.07050
0.49407 -0.69766 2.76251
-0.74483 -1.05972 0.33367
-0.63682 -1.10574 1.79481
-0.75563 -1.10588 1.57665
2.27420 -0.78971 2.12129
0.86104 -1.41004 1.63654
-0.94712 -1.16840 -0.92035
-1.07767 -1.13167 -1.06910
-0.90029 -1.15467 -1.09502
-1.12228 -1.13172 2.54485
-0.89790 -1.21061 2.45032
-0.93054 -1.12243 2.69276
-0.31006 -1.35380 0.51585
-0.38166 -1.31169 0.30960
-0.16678 -1.33564 0.33770
-0.78886 -1.06477 3.09412
-0.70895 -1.11860 2.85342
-0.55658 -1.09311 3.07471
2.23847 -1.01193 0.97679
2.18190 -1.10681 1.14054
2.06105 -1.09693 0.98568
-0.43095 -0.85427 2.76411
-0.58211 -0.83057 2.70887
-0.52450 -0.75779 2.85123
1.36278 -1.12061 -1.07449
1.58452 -1.10603 -1.07080
1.49524 -1.10622 -0.87859
1.75672 -1.02593 -0.38548
1.72997 -1.05301 -0.58636
1.82890 -0.90858 -0.57595
-0.90071 -1.09396 2.00092
-0.95870 -1.04717 2.19236
-0.71883 -1.09321 2.15127
0.14089 -1.10584 1.84069
0.33529 -1.10163 1.91434
0.29537 -1.10583 1.70679
0.42966 -1.23589 -1.18874
0.50892 -1.22570 -0.95839
-1.13427 -1.21249 2.32880
-1.94468 -1.10595 2.32471
-2.07873 -1.10394 2.46270
-2.14150 -1.12645 2.22856
-0.74954 -1.21744 -0.11150
-0.98308 -1.14748 -1.29052
-0.80844 -0.88732 3.22732
-1.02243 -1.00305 3.11601
1.42271 -1.10623 -0.66607
1.28356 -1.12641 -0.83838
0.73032 -1.00412 -0.52491
0.92638 -0.92486 -0.48394
0.86451 -0.95226 -0.68641
0.02643 -1.10614 0.25205
0.20862 -1.09912 0.25760
0.09602 -1.10579 0.07812
-1.51323 -0.70877 0.61590
-1.54879 -0.75688 0.82672
-1.41950 -0.82761 0.72204
1.14142 -1.13876 -0.37393
1.20924 -1.13098 -0.60839
1.36415 -1.10590 -0.44490
2.09337 -0.72032 2.65731
2.07539 -0.67484 2.41308
1.88508 -0.65943 2.56261
-0.42973 -1.22815 -1.86855
-0.52141 -1.21014 -2.07537
-0.29712 -1.24840 -2.04872
-0.39248 -1.26329 -0.86707
-0.29394 -1.26893 -0.61839
-0.54267 -1.24517 -0.68457
-1.52494 -1.10996 0.70275
-1.77283 -1.10642 0.69723
-1.62539 -1.10632 0.51186
-1.65543 -1.10996 -1.28532
-1.62556 -1.10600 -1.52418
-1.42705 -1.11276 -1.38100
-1.49859 -1.10575 -0.90713
-1.68766 -1.11754 -1.05138
-1.46457 -1.10579 -1.14115
-0.78507 -1.20361 -0.74740
-1.03748 -1.15833 -0.72549
1.56754 -0.77551 1.33671
1.81987 -0.67540 1.35799
1.69950 -0.71277 1.18413
1.81594 -0.78638 -0.39893
1.52855 -1.20683 1.67012
1.33952 -1.25686 1.60411
1.45552 -1.16864 1.44336
1.63881 -1.10765 0.80561
1.67636 -1.10607 0.54513
-0.74408 -1.15479 2.62276
-1.39667 -1.12470 -1.64357
-1.19240 -1.15673 -1.46650
2.58950 -0.94902 1.06768
2.38719 -0.87384 1.01032
2.54517 -0.71481 1.08671
-2.64710 -1.04492 1.48864
-2.50716 -1.10622 1.32959
-2.49889 -1.07696 1.52987
-2.69989 -1.10618 1.30204
2.11398 -0.96014 0.88529
-2.63369 -1.15070 1.65331
2.74565 -0.67801 1.11585
2.77374 -0.84333 1.09657
1.58842 -1.11572 2.54532
1.79312 -1.09147 2.67305
1.59141 -1.07017 2.78550
-1.87549 -1.08548 -1.18528
-1.85219 -1.09482 -1.42306
-1.28062 -1.04482 1.95137
-1.40470 -0.92784 2.17125
-1.17511 -0.99133 2.18942
1.54059 -0.90562 2.93157
1.37157 -1.04000 2.88157
-1.76649 -0.62189 0.10016
-1.66138 -0.59809 -0.37830
-1.65727 -0.62114 0.47261
-1.61966 -0.60840 0.25881
-1.82081 -0.63702 0.30886
-1.59092 -0.60750 0.07822
-1.45589 -0.65278 -0.46367
-0.44274 -0.99611 2.58366
-1.46661 -0.68458 0.39862
-1.83464 -0.82932 2.18636
-1.64404 -0.87438 2.17213
-1.80831 -0.90172 1.96888
-1.03019 -0.94953 -0.47645
-0.91320 -0.99269 -0.29918
-0.42531 -1.10584 1.83175
-0.55892 -1.10594 1.98365
0.62413 -0.82900 2.56846
0.05023 -1.10592 -0.69099
0.26561 -1.08927 -0.71296
0.14256 -1.08793 -0.89485
-1.11738 -0.93763 -0.83474
-0.96821 -0.98485 -0.68149
-0.90174 -1.00545 -0.91780
0.67014 -1.01568 -0.72204
0.56372 -1.04275 -0.57672
0.76117 -1.02710 0.20466
0.75618 -1.01574 0.02259
0.98385 -0.95303 0.53070
1.15192 -0.84106 0.59675
1.10186 -0.84826 0.38919
-0.41338 -1.10574 1.21575
-0.62508 -1.10060 1.18476
-0.56121 -1.10573 1.39472
-0.46418 -1.10571 0.86285
-0.42097 -1.10571 0.63994
0.23597 -1.10572 2.22688
-1.82496 -1.11061 -1.69163
-2.04199 -1.01174 -1.54827
-0.82602 -1.01387 -0.51055
-0.07901 -1.28230 -3.00174
0.14810 -1.27767 -2.99484
0.00280 -1.26962 -2.80346
2.69105 -0.56303 1.21815
-2.73801 -1.06465 1.17563
-2.63993 -1.08547 1.15529
-2.68357 -1.07241 2.10399
-2.50927 -1.06920 2.06622
-2.59205 -1.09657 2.23248
-2.80359 -0.87378 2.58469
-2.80104 -1.00720 2.54050
-2.71080 -0.90083 2.61900
2.80005 -0.92818 2.62053
2.78693 -0.78350 2.56655
2.80542 -0.76683 2.59932
0.18026 -1.10594 2.03852
1.71550 -1.09911 -1.50985
1.69888 -1.10141 -1.26572
0.47560 -1.18427 -2.18406
0.64332 -1.16503 -2.05019
0.39468 -1.20134 -2.00689
-1.02275 -1.28397 1.09822
1.65146 -1.10593 -2.14635
1.82536 -1.08710 -2.06582
1.68705 -1.10591 -1.93795
-0.91817 -1.15544 -1.78027
-0.95858 -1.16401 -1.55013
-1.14302 -1.15577 -1.70812
-0.22242 -1.24303 -1.49057
-0.34725 -1.24620 -1.30113
-0.43714 -1.21794 -1.50131
-1.28251 -1.12658 -0.99680
-1.29205 -1.13841 -0.74733
-0.74855 -1.18483 -0.98931
1.66673 -1.08894 0.07340
1.65258 -1.10276 0.29456
1.81627 -0.99958 0.37805
-1.71304 -1.10693 0.32885
-1.52840 -1.10829 0.34744
0.35854 -1.48984 1.58287
0.50546 -1.46498 1.34556
0.60742 -1.26146 2.35201
0.49777 -1.36545 2.19730
0.71375 -1.34103 2.17826
-1.23775 -1.14248 -1.22393
-1.97708 -0.98044 0.47299
-1.97218 -1.05146 0.62588
-2.02219 -0.81733 0.60199
1.27297 -1.10683 2.70967
1.44562 -1.10759 2.69449
1.08580 -1.10576 2.73469
1.03604 -1.05101 2.91247
0.92510 -1.10581 2.79628
1.37780 -1.10578 2.53215
1.82905 -0.82182 0.28241
1.80960 -0.82160 0.12099
1.74119 -0.67612 0.18347
1.57624 -1.10627 -0.51425
-1.03527 -0.92975 2.36260
-0.81836 -1.00163 2.36731
1.45162 -0.71837 2.89478
1.25503 -0.67810 2.91496
1.33639 -0.84463 2.99407
1.52426 -0.65394 2.75353
1.34902 -0.63434 2.75237
-1.50189 -0.79481 2.34943
-1.74538 -0.74571 2.37022
-1.57539 -0.71372 2.54453
-1.96250 -0.74025 2.29542
-2.10333 -0.68642 2.44257
-1.92506 -0.69563 2.47357
-1.90616 -0.91995 1.71889
-1.78259 -0.90390 1.51507
-1.90411 -0.67467 0.98869
-2.11169 -0.70069 1.15808
-1.93578 -0.71954 1.20176
-1.61861 -0.71883 2.76717
-1.43271 -0.75505 2.90344
-1.41350 -0.70975 2.68799
0.83886 -0.78549 2.51731
1.06490 -0.76292 2.45150
0.93090 -0.91784 2.34391
-0.45356 -1.09606 -0.38408
-0.68363 -1.03926 -0.32711
-0.51729 -1.08297 -0.12269
-0.96503 -1.10584 1.44261
-0.99697 -1.09949 1.65046
0.88565 -1.06916 1.19558
0.92527 -1.02748 0.94788
0.72310 -1.09530 1.03037
0.61892 -1.10565 1.43140
0.43934 -1.10610 1.53418
0.66504 -1.10585 1.62647
0.64161 -1.05741 2.24751
0.73495 -0.94580 2.40141
0.47276 -1.06109 -0.73006
0.76594 -1.04738 0.45027
0.93852 -0.95541 0.30369
0.34662 -1.10584 2.09236
-0.95007 -1.01612 -2.06727
-0.90611 -1.00386 -1.85528
-0.71431 -1.05321 -2.02149
0.72357 -0.99771 -1.14180
0.56247 -1.03148 -1.32694
-0.34101 -1.05005 -1.26348
-0.31011 -1.09905 1.01976
-0.50121 -1.10599 1.05018
-0.38068 -1.23720 -2.62405
-0.26848 -1.25634 -2.42340
-0.49103 -1.21400 -2.42923
-0.18460 -1.10581 1.20996
1.06100 -1.14752 -2.32380
0.82737 -1.14695 -2.42152
1.00061 -1.15310 -2.55433
1.56252 -1.12180 -2.57812
1.34395 -1.11835 -2.54582
-1.80397 -1.11236 -2.81355
-1.65436 -1.10478 -2.84046
-1.71850 -1.11269 -2.58757
-2.18466 -0.77272 -2.24125
-2.17616 -0.71608 -2.44013
-2.20889 -0.90688 -2.40076
-1.75205 -0.65325 -1.52519
-1.90866 -0.66056 -1.36726
-2.07945 -0.80084 -1.44151
-1.60708 -0.81899 -2.89801
-1.44917 -0.89338 -2.74979
-1.38405 -0.97264 -2.96786
1.83832 -0.71170 -2.84609
1.70947 -0.77017 -2.87360
1.72636 -0.71803 -2.65986
-0.03035 -1.08015 -2.90810
0.12550 -1.09419 -3.09114
-0.12542 -1.08724 -3.08937
-0.60085 -1.04026 -2.23744
-0.68904 -1.01914 -2.43209
-0.81980 -1.02780 -2.24566
1.61531 -0.61780 0.73156
1.45398 -0.63588 0.63460
1.40781 -0.68450 0.85622
1.50944 -0.71898 2.32132
1.37300 -0.84173 2.20782
1.29239 -0.73732 2.38498
0.06282 -1.25210 -2.21068
0.16176 -1.24329 -2.00957
-0.06970 -1.25863 -2.02882
-1.30422 -1.14477 -1.87606
2.07781 -1.10592 2.29686
2.10244 -1.10675 2.49007
1.90311 -1.10593 2.45757
-2.64377 -0.76759 2.65412
0.98037 -0.64632 2.68211
1.21537 -0.90421 -1.93340
1.08346 -0.97458 -2.07204
1.03533 -0.96495 -1.86895
-0.57975 -1.05673 2.37061
-0.68505 -0.92402 2.54359
0.34258 -1.25028 -0.78062
0.10548 -1.27029 -0.82140
2.02248 -0.64475 1.39524
2.25371 -0.61163 1.32004
2.10613 -0.63955 1.21557
-0.64602 -1.31577 0.61539
-0.47144 -1.35986 0.67339
-0.66394 -1.34934 0.82284
2.13163 -1.11411 1.84734
2.08825 -1.08870 1.67509
2.28017 -1.07401 1.75300
1.84726 -0.74030 -0.95975
1.73816 -0.64704 -0.80518
1.85272 -0.82004 -0.76774
1.93771 -0.85283 0.66881
1.86257 -0.99570 0.54560
1.86617 -0.82565 0.46660
2.46968 -0.58585 1.24574
2.28886 -0.68663 1.11434
1.37234 -0.88510 -2.59692
1.19943 -0.96216 -2.76035
1.16084 -0.96272 -2.50834
0.44987 -1.05861 -1.50885
0.63228 -1.02868 -1.50376
0.59620 -1.03442 -1.71202
0.33399 -1.05828 -1.70491
-0.12808 -1.08304 -1.65339
-0.28266 -1.07657 -1.82322
-0.30937 -1.06963 -1.61747
-1.05539 -1.09421 1.85876
-1.07674 -1.06411 2.04066
-0.59864 -1.22767 -0.87638
0.99031 -1.35274 1.43916
0.75862 -1.41883 1.41344
-1.99869 -1.09695 2.69353
-2.17598 -0.99993 2.74238
-2.22674 -1.08061 2.60660
-2.03401 -0.98073 -1.31142
-2.03370 -0.77243 -1.22174
0.85692 -1.02915 0.69782
1.05006 -0.93744 0.76003
-1.67577 -0.94540 1.72883
-0.22199 -1.07578 -1.45784
-0.74620 -1.28856 2.27133
-0.95659 -1.27816 2.21120
-0.82122 -1.34508 2.10695
1.85355 -0.82264 2.05115
1.64347 -0.84728 2.03011
1.72046 -0.74328 2.22633
-0.38731 -1.23509 -2.24297
-0.57222 -1.19667 -2.25915
-0.08333 -1.10585 1.55823
-0.05699 -1.10602 1.76740
0.10544 -1.10189 1.64245
1.86406 -0.67916 2.36924
1.95252 -0.73064 2.21976
2.29692 -0.69215 2.54816
2.29737 -0.69564 2.31947
0.39005 -1.07455 -0.53846
0.17675 -1.10362 -0.51429
0.30676 -1.09707 -0.33315
1.92231 -0.65701 -1.83456
1.97195 -0.67941 -2.04767
1.79162 -0.61697 -2.03526
-0.52383 -1.31726 0.47385
-0.16761 -1.09746 -0.65860
-0.38785 -1.08778 -0.61108
-0.07779 -1.37323 0.54774
-0.23601 -1.40991 0.75774
-2.43282 -1.06732 2.56555
-2.51554 -1.10688 2.39513
-2.29896 -1.10636 2.41656
0.08463 -1.10575 0.42486
-0.14125 -1.10413 0.37109
-0.05304 -1.09514 0.59258
-0.62227 -1.37981 2.09924
-0.79405 -1.39504 1.93445
-0.42161 -1.43024 2.01270
-0.38031 -1.47144 1.81154
-0.22415 -1.46381 1.96012
-0.77925 -1.36177 1.06034
-2.29955 -1.09459 2.04076
-2.07241 -1.08947 1.99605
0.81243 -1.26843 0.88004
1.27433 -0.89449 -2.13925
1.68889 -0.60338 -1.83210
1.95714 -1.10575 1.18003
2.10127 -1.08075 1.33770
-1.77357 -1.09572 -0.61021
-1.72505 -1.10602 -0.82615
-1.54871 -1.10599 -0.67638
1.90084 -0.64583 -2.22833
1.67605 -0.67179 -2.23289
-1.89608 -1.05933 -0.96059
0.25506 -1.23902 -1.57125
0.08727 -1.25314 -1.63173
0.27197 -1.22975 -1.78115
1.92063 -0.64966 1.20479
-0.09178 -1.04241 3.15133
-0.33101 -1.05912 3.07357
-0.20435 -1.10221 2.92806
-1.30071 -0.76700 -0.55010
-0.52457 -1.09163 0.27660
-0.58605 -1.09957 0.49271
-0.37238 -1.10583 0.42525
2.23582 -0.67354 1.50509
2.24232 -0.78800 1.67309
2.08828 -0.91711 2.76053
2.28313 -0.84543 2.70644
-0.54368 -1.46652 1.65263
-1.05910 -1.20160 0.69439
-1.29266 -1.15356 0.71500
-1.17642 -1.14933 0.54697
-1.05263 -0.73431 2.95641
-1.23259 -0.71836 2.81494
-1.24684 -0.79158 3.02421
1.04764 -0.85836 -0.64629
-0.37622 -1.10631 2.00405
-0.75994 -1.18578 -2.15327
-0.70794 -1.19611 -2.39698
-0.08591 -1.10544 2.34908
0.01521 -1.06933 -1.08056
-0.08160 -1.08459 -0.87033
-0.43083 -1.05216 -1.47139
1.33686 -0.96230 -2.95586
1.16511 -1.03856 -2.99340
-0.62737 -1.02306 -2.84857
-0.79275 -0.99611 -3.05856
-0.90177 -1.00509 -2.83723
-0.84820 -1.10577 1.80537
-1.08867 -1.04370 0.87166
0.59096 -1.19638 -0.71166
0.73940 -1.15649 -0.92312
0.84115 -1.14056 -0.73139
0.78646 -1.38798 2.00446
0.59439 -1.41656 2.00759
-0.96908 -1.10576 2.92601
-0.43597 -1.11919 2.88386
1.85419 -1.09405 -2.27487
1.99510 -0.99847 -2.10642
0.18551 -1.26052 -0.61566
-0.03334 -1.27376 -0.63466
1.75515 -1.06839 -1.07290
-1.25230 -0.94035 0.72745
-1.16689 -0.92809 0.48384
-1.35203 -0.81711 0.54210
0.80142 -0.98013 -0.89677
1.00067 -0.89359 -0.84878
-0.14132 -1.27933 -0.84451
-1.28464 -0.81097 0.29226
-1.10189 -0.93739 0.28545
-0.73387 -1.10611 1.94847
0.56787 -1.10636 0.87216
0.74709 -1.08027 0.84157
0.64637 -1.09080 0.66786
0.36784 -1.43961 2.02107
0.13984 -1.44187 2.05782
0.20616 -1.48488 1.81107
0.79860 -1.18374 0.09824
-1.07752 -0.86989 3.16745
1.49412 -1.12645 2.36032
1.71850 -1.09248 2.41764
-0.53969 -1.06448 -0.78035
1.45479 -1.11912 -1.99923
1.45412 -1.10614 -2.23890
-2.29804 -1.10704 1.24885
-2.47820 -1.10502 1.11262
1.64623 -0.60732 -0.40974
1.75383 -0.69287 -0.24202
1.24760 -1.10935 0.27140
1.03800 -1.14683 0.12355
-1.14600 -0.88934 0.09478
-1.02084 -0.95595 -0.09287
-1.31087 -0.75406 0.04949
1.37817 -1.12660 -1.77157
1.55580 -1.10589 -1.81447
1.53836 -1.10572 -1.63287
0.30185 -1.10610 0.45413
-0.39610 -1.05179 -2.77558
-0.43762 -1.05864 -2.94118
1.88303 -0.77356 2.78243
-1.47642 -0.87499 -2.52494
-1.26326 -0.96034 -2.63405
-1.88035 -1.10883 -2.42337
-1.72204 -1.10581 -2.33581
-1.70780 -1.10596 -2.11296
-2.62533 -0.97908 1.03628
-2.55318 -0.80632 1.06084
-2.47131 -0.98532 1.00258
-0.04079 -1.31239 0.12921
-0.22540 -1.29169 -0.01108
-0.05034 -1.29103 -0.08261
1.76776 -0.71264 -0.03601
0.03378 -1.41266 0.75494
-1.48656 -1.11154 -1.83501
-1.59950 -1.10572 -1.71732
-1.66345 -1.10614 -1.89209
-0.25143 -1.30815 0.16950
-2.14717 -0.83818 -1.89467
0.00152 -1.07576 2.96180
0.09208 -1.02279 3.14103
-1.88819 -0.66482 -2.65516
-2.02872 -0.65254 -2.54424
-1.83402 -0.68154 -2.48060
-0.53260 -1.04874 -3.07716
-1.71659 -0.68097 0.92701
-1.77305 -0.76449 1.14540
-0.95798 -0.99170 -1.15122
-1.08106 -0.96564 -1.01348
-0.38945 -1.26786 -0.14614
-0.44139 -1.27685 0.08600
0.32371 -1.46234 1.13865
0.39933 -1.40896 0.92514
1.57359 -1.21620 1.89611
1.73976 -1.16701 1.75014
-1.51959 -1.10592 2.67063
-1.63633 -1.10218 2.50045
-1.45828 -1.10568 2.51348
-0.02152 -1.10036 1.97711
0.03565 -1.10610 2.17938
-0.24115 -1.10616 0.56132
-0.03508 -1.26578 -2.40995
-0.14035 -1.27026 -2.61450
0.10281 -1.26228 -2.59678
0.60639 -1.17666 -2.54556
0.71147 -1.15901 -2.77123
0.81757 -1.15677 -2.61437
0.39374 -1.23301 -0.56520
-2.64980 -1.09580 1.90572
-1.17969 -0.85556 -0.45279
0.11012 -1.09612 2.34511
1.72184 -1.10245 -1.73120
0.22402 -1.10604 0.80270
0.16522 -1.10594 0.62520
-0.73467 -1.00280 -1.10672
-1.95022 -0.84306 -0.43911
-1.96876 -0.80803 -0.66378
-1.92445 -0.98339 -0.56718
-1.63886 -0.61265 -0.62697
-1.83699 -0.65625 -0.69682
-1.84932 -0.65780 -0.51603
1.85772 -1.10411 1.39603
1.88940 -1.10049 1.61477
1.68343 -1.13205 1.53981
0.90450 -1.13529 -1.08631
0.93943 -1.13015 -0.90847
-0.75146 -1.01566 -0.72599
-0.77981 -1.10590 1.32979
1.95047 -1.12396 1.81726
1.35786 -1.27327 1.80373
1.12900 -1.33495 1.67538
-2.04269 -0.74294 0.82101
-1.88978 -0.63421 0.75915
2.25381 -1.10037 1.52054
2.33166 -1.11016 1.28977
1.45447 -1.10867 -2.41559
1.17559 -1.14404 -2.49623
-0.03397 -1.10560 -0.49231
0.11278 -1.50594 1.57136
0.22848 -1.49759 1.36115
-1.34511 -0.84798 -1.16838
-1.15959 -0.93737 -1.17252
-1.25953 -0.89598 -1.35162
-0.00463 -1.08149 -1.47446
0.11737 -1.06211 -1.28823
0.22225 -1.06751 -1.49502
-0.68177 -1.02139 -0.91308
-1.32039 -0.93482 -2.42962
1.28882 -1.11994 -2.36129
-1.57105 -0.84461 1.06960
-1.36654 -0.96627 1.09278
-1.41164 -0.89748 0.89417
0.34364 -1.05694 -1.30665
0.91085 -0.70536 3.07152
0.72600 -0.62703 3.02539
-0.22510 -1.09668 1.90031
0.67283 -1.19385 -1.13908
-0.02060 -1.47403 1.90504
-0.07287 -1.43116 2.10753
1.22891 -0.82551 0.81103
0.15434 -1.10572 0.98000
-0.93064 -1.09251 1.02080
-1.26938 -1.20877 1.13300
-0.27117 -1.40426 2.14669
-2.32890 -1.08141 1.46658
-2.02570 -0.94167 -1.08882
-1.91779 -1.02131 -0.74780
-0.76866 -1.15594 -1.42492
-0.01559 -1.50388 1.37413
0.17211 -1.44041 0.94872
0.08033 -1.48148 1.16135
0.30157 -1.05840 -2.11849
0.19211 -1.06402 -2.31073
0.03620 -1.07732 -2.10479
-1.16776 -1.21234 0.90800
-0.92198 -1.27998 0.87189
-1.44223 -1.15534 0.93255
-1.50647 -1.15648 1.17877
-1.31666 -0.80404 -0.78124
-1.15561 -0.89005 -0.62880
-1.24621 -0.88714 -0.99306
-1.52352 -0.67386 -0.82449
-1.42209 -0.76274 -0.99614
0.00295 -1.49794 1.72511
0.28433 -1.37662 2.22336
0.07278 -1.36520 2.25759
0.21125 -1.27714 2.40224
-2.41312 -0.69530 2.26885
-2.27647 -0.68298 2.41072
-2.72144 -0.60670 2.33863
-2.59156 -0.64795 2.42145
-2.59355 -0.67477 2.22420
0.75005 -1.02232 -2.30646
0.94949 -1.01116 -2.41104
0.75265 -1.01408 -2.52377
0.97991 -1.00650 -2.84445
0.77290 -1.01555 -2.73986
0.96977 -0.99741 -2.63267
1.41286 -0.89449 -2.78386
1.58944 -0.84680 -2.89914
2.60100 -0.97885 2.61805
2.77637 -1.04215 2.52764
-1.15158 -1.10576 2.76518
-1.32138 -1.10552 2.62369
-2.76387 -0.82490 1.08087
-2.64778 -0.67761 1.44590
-2.51851 -0.67735 1.26437
-2.69010 -0.66794 1.30407
-2.66462 -0.75577 2.08495
-2.50947 -0.78165 2.06859
-2.63260 -0.92526 1.93985
1.15638 -1.18170 1.04604
1.21758 -0.65171 2.59395
0.28592 -1.21837 -2.19525
-1.16324 -1.27094 2.10339
-0.98157 -1.34542 2.00892
-1.12745 -0.99744 -2.82548
-1.02304 -0.99648 -2.63716
0.52361 -1.29947 0.48642
0.28811 -1.33113 0.40060
-1.64342 -0.84629 2.97127
-1.41375 -0.89939 3.07923
0.53519 -1.19555 -1.81679
0.77248 -1.16717 -1.83274
1.44700 -1.11851 0.41676
1.44390 -1.10646 0.66735
1.21043 -1.11933 0.53206
0.56219 -1.19716 -0.49743
-0.19311 -1.07569 -2.18412
-0.03437 -1.07070 -2.34240
-0.25433 -1.06267 -2.38335
-1.39511 -0.75072 2.50782
-1.23095 -0.74268 2.59481
-1.26040 -0.84326 2.37909
-2.03027 -0.71722 2.66512
-1.82597 -0.99754 2.86633
-2.03349 -0.90308 2.81983
-0.28829 -1.25318 -3.00476
-0.25802 -1.24778 -2.83499
-2.23330 -1.11501 1.83352
-1.91451 -1.11040 2.14886
-1.34751 -1.20755 2.22357
-1.39353 -1.23912 1.96822
1.16873 -1.31863 1.95069
-2.74803 -1.10643 2.36467
-2.62914 -1.04191 2.53858
-2.71437 -1.09423 2.23175
1.39607 -1.18437 2.21559
1.28181 -1.15199 2.35896
2.05853 -0.75422 1.57345
2.21612 -0.84552 1.89276
1.38877 -1.24720 2.03313
-0.16629 -1.25334 -2.22692
0.24402 -1.24628 -2.78676
1.17844 -0.78026 -0.79505
1.13924 -0.81934 -1.00779
-1.16652 -1.32594 1.88517
-0.97410 -1.38187 1.79851
-1.32374 -1.28346 1.72952
-1.23410 -1.30118 1.53017
-1.13821 -1.34325 1.69760
1.16610 -1.12087 2.54366
-1.15457 -1.04804 1.10835
-0.96519 -1.09728 1.23218
-1.73926 -1.10711 2.68782
-1.01633 -0.74037 2.70402
2.65854 -1.06974 1.85476
2.49601 -1.09239 1.85258
1.75610 -0.86663 1.85333
1.53604 -0.90458 1.84351
-0.78244 -0.78694 2.69761
-0.85427 -0.72249 2.88629
-0.67795 -0.73569 2.85904
-0.86919 -0.75155 3.09251
-1.80313 -0.64439 -1.73137
1.13405 -0.77511 3.03680
0.99459 -0.91774 3.05736
-0.10981 -1.06924 -1.27024
-0.68815 -1.19187 -1.88418
2.11749 -0.75188 -2.57934
2.19865 -0.84726 -2.74620
2.05547 -0.70247 -2.79552
-1.31090 -1.12603 2.42297
-1.24783 -0.88564 3.12824
-0.67519 -1.23229 0.08355
-0.88420 -1.17975 0.06127
2.52734 -0.67438 2.44530
2.48282 -0.78978 2.64996
-1.15304 -1.15794 -2.31953
-2.05873 -0.67944 -2.05560
0.94014 -1.38105 1.87141
-0.57178 -1.18828 -2.98335
-0.42677 -1.20603 -2.99276
-0.48700 -1.19660 -2.81527
1.95684 -0.82204 0.88215
2.77521 -0.65203 2.48510
0.68022 -1.16950 -1.62314
-1.96282 -1.10223 0.79807
-1.83474 -1.10887 0.89050
2.05482 -0.68614 1.05034
1.84160 -0.70135 1.01818
-2.22750 -0.84467 2.74691
-2.35290 -0.97892 2.70058
-0.66023 -1.06065 0.10468
-0.92157 -1.00374 0.14825
-0.73153 -1.26323 0.45627
-0.83409 -1.27061 0.65278
-0.97326 -1.19281 0.45936
-1.37082 -1.10207 2.82877
-1.20169 -1.06400 2.97923
-1.14474 -1.07641 1.34002
0.44739 -1.20513 -1.59800
1.38453 -0.61484 -0.07145
1.38060 -0.62499 0.17231
1.58008 -0.59715 0.06241
1.44711 -0.89061 2.03010
1.30048 -0.97210 1.85599
-2.07056 -1.08759 -2.76221
-2.15976 -1.01442 -2.57128
-2.25117 -0.93578 -2.73117
-0.12176 -1.27392 -0.43053
-0.34238 -1.26286 -0.36631
1.87077 -0.98391 -1.17644
-0.56805 -1.25074 -0.07515
1.97454 -0.84327 1.87635
2.06756 -0.80660 2.06955
-2.28588 -1.09614 1.01263
-1.46723 -0.86391 -2.28166
-1.64465 -0.75819 -2.41035
-1.65536 -0.73303 -2.21014
1.81087 -0.64907 -1.31629
1.70321 -0.59937 -1.45001
1.63776 -0.60266 -1.22646
-0.78817 -1.02859 -0.09681
-1.78821 -0.69667 2.61060
-1.55157 -0.72817 -1.50801
-1.63860 -0.69194 -1.66469
-1.42535 -1.01219 3.01581
1.33049 -0.88587 -2.36424
1.46947 -0.78346 -2.20021
-0.60701 -1.05537 -0.55682
2.65619 -0.76624 2.61402
-2.17388 -0.72952 2.22214
-1.95312 -1.10608 -2.59102
-1.16768 -0.93219 -1.55060
-1.04636 -0.96720 -1.35932
-0.90670 -0.96061 -1.59205
-1.37489 -0.84828 -1.52650
-0.29286 -1.10571 -0.00576
-0.46366 -1.09504 0.09314
-0.78382 -1.01137 -2.63571
-1.87264 -0.82280 1.33344
-1.09876 -0.96115 -1.76017
-1.67224 -0.75691 -2.64893
0.79303 -1.00947 -1.58479
0.83675 -1.00161 -1.79507
-1.52857 -1.11609 -2.43973
0.22391 -1.09299 2.96944
0.08619 -1.11728 2.77691
-1.29103 -0.97011 -2.83262
2.07477 -0.81942 1.73310
1.87774 -0.82708 1.66160
-0.54834 -1.02791 -2.61503
-0.53977 -1.16213 2.66684
1.07300 -0.89114 -1.43156
1.20455 -0.84352 -1.60045
1.00594 -0.95018 -1.64396
1.15217 -0.90867 2.24291
0.55401 -1.02875 -2.16355
0.68016 -1.01595 -1.95555
0.76040 -1.02005 -2.12766
-1.22127 -0.98561 -2.99353
0.92865 -1.00604 -2.20221
-1.56560 -1.18512 2.14673
-1.50777 -1.13165 2.34843
-1.73681 -1.11210 2.29310
0.41021 -1.10919 2.88160
0.51319 -1.14790 2.69891
0.59594 -1.09671 2.92750
-1.99494 -0.65346 -2.31511
-1.83881 -0.67624 -2.83420
0.98294 -1.14914 -0.55141
1.06648 -1.13294 -0.77655
0.55303 -1.04353 -0.36706
-1.85621 -1.09179 2.49443
0.66153 -1.02867 -0.13976
0.78898 -0.97827 -0.31839
-1.97012 -0.81905 0.36013
-1.86603 -0.64351 0.52984
-1.83533 -0.66258 -2.14714
-1.69388 -0.70124 -2.04471
-1.62220 -0.70943 -1.86203
-1.83749 -0.65117 -1.94195
0.64409 -1.18744 -0.32486
0.75162 -1.16676 -0.51921
0.88868 -1.15034 -0.29738
0.90485 -1.14813 -0.06438
1.68809 -0.65248 2.44411
1.38747 -0.79070 -1.98222
1.30879 -0.80951 -1.78297
1.47630 -0.67853 -1.81256
1.57396 -0.67036 -2.01988
0.69218 -1.03190 -3.05864
0.80365 -1.02249 -2.90911
0.97377 -1.04137 -3.02334
-1.54553 -0.95979 1.95219
0.05480 -1.27630 -0.26787
0.13809 -1.28654 -0.04024
0.51047 -1.24503 -0.15955
0.36290 -1.27153 0.00916
1.33152 -0.68353 -0.96811
0.20886 -1.30781 0.18117
0.14755 -1.18673 2.58614
0.00619 -1.25879 2.43543
1.87893 -0.67958 -1.47296
1.79630 -0.60971 -1.64161
2.58648 -1.10642 1.21792
2.79048 -1.00606 1.12017
2.75752 -1.08145 1.24660
0.82489 -0.87736 3.10709
-2.04378 -1.10670 0.96671
-2.17531 -0.96413 0.83555
1.81968 -0.66693 0.80725
1.78968 -0.66815 0.59289
1.99002 -0.85583 -1.73171
1.89319 -1.02209 -1.62235
1.90899 -1.03914 -1.87295
1.75330 -0.66878 0.38643
0.38838 -1.04895 -2.29552
-1.45020 -1.21997 1.55031
-1.47634 -1.12475 -2.04748
1.51776 -1.10575 -1.41808
0.28919 -1.13813 2.74340
-0.10468 -1.06789 -2.54747
-0.17789 -1.06595 -2.74239
-0.32588 -1.05664 -2.58040
-0.25679 -1.07048 -2.92335
-0.37106 -1.06567 -3.08269
0.91386 -0.96878 -1.46568
0.75960 -1.00648 -1.38462
0.92402 -0.94767 -1.28450
-0.53855 -1.41439 1.03401
0.88873 -1.00106 -2.00504
1.12522 -0.96786 -2.28357
-2.16560 -1.12191 1.61399
-1.56688 -1.11213 0.14099
0.60971 -1.07050 0.29397
0.63435 -1.14582 -2.29544
0.42397 -1.19665 -2.36629
-1.54329 -1.21228 1.74951
-2.54558 -0.94401 2.65641
1.63182 -0.64047 0.96263
1.59495 -0.60436 0.51379
-0.51180 -1.05496 -2.08508
-0.50508 -1.05892 -1.90155
-0.34318 -1.07197 -2.03816
2.13776 -0.96425 -2.53800
2.02724 -1.07774 -2.76281
2.16941 -1.00306 -2.73660
1.96076 -1.09918 -2.63189
-0.46895 -1.03956 -2.41291
2.07855 -0.78715 -2.19795
2.06116 -0.98105 -2.31951
2.12066 -0.82825 -2.40244
1.92787 -0.68115 -2.62184
0.51344 -1.21054 2.50024
0.68880 -1.18098 2.53894
-2.32557 -0.81542 2.06309
-0.64955 -1.24129 2.47126
-1.12553 -1.13108 -0.89118
2.01329 -1.08195 2.65244
-2.44767 -0.92123 1.90131
-2.61546 -0.97595 1.73099
-2.24643 -0.91900 1.88523
2.23934 -1.05010 2.62719
1.91615 -0.98605 2.78640
-0.17550 -1.49138 1.76387
0.55241 -1.03272 -2.40425
1.74598 -0.94847 2.85422
-0.52531 -1.24178 -1.09533
2.41388 -0.96133 2.65060
-0.74661 -1.16546 -1.20538
-0.61361 -1.19520 -1.51805
-0.54052 -1.20744 -1.68158
0.67874 -1.28431 0.69567
0.61269 -1.35393 0.89684
0.77295 -1.23568 0.49482
0.88620 -1.21005 0.68949
-0.33397 -1.32773 2.31565
-0.13378 -1.35034 2.29462
-0.20313 -1.24373 2.47003
-0.05574 -1.16027 2.61832
-0.53520 -1.31135 2.30409
-0.43763 -1.37810 2.17769
1.01720 -1.19732 0.86383
1.06472 -1.15524 0.68375
0.19576 -1.09915 -0.12587
0.07957 -1.10619 -0.31706
-0.06013 -1.10446 -0.11409
-0.27822 -1.10596 -0.23327
-0.11533 -1.09922 0.13197
2.03153 -0.83520 -1.95459
-2.75795 -0.65122 2.48250
0.26613 -0.99936 3.15414
0.42874 -1.05034 3.05895
-0.91491 -0.99659 -2.44332
-1.99818 -0.82619 2.10332
1.18278 -0.96513 2.98467
1.19077 -1.06738 2.85290
1.17051 -0.62549 2.77189
-0.62598 -0.71114 3.02000
-2.06071 -0.76731 1.33968
-1.43383 -1.13363 -2.87874
-1.49541 -1.12008 -2.66857
-0.04210 -1.08171 -1.86257
0.43268 -1.06372 -0.13594
1.64262 -1.12179 1.36597
-0.04004 -1.25563 -1.50540
-1.05785 -0.99281 -3.02079
0.52761 -1.02494 -2.65044
0.60007 -1.01878 -2.87923
0.40231 -1.03690 -2.83679
1.97247 -1.07221 -2.44827
-1.43833 -0.68593 -0.65206
0.51970 -1.10599 1.08627
-1.26088 -0.98951 0.93773
-1.38435 -1.12570 0.49399
-1.83508 -1.09305 0.49166
0.92603 -1.13803 2.57971
-0.27892 -1.16039 2.69194
-0.42371 -1.24761 2.48843
0.82603 -1.04398 2.97437
1.63915 -0.87544 1.65535
0.91215 -0.95452 0.08722
0.86469 -0.96412 -0.11476
1.07794 -0.85293 0.17239
0.24133 -1.09999 1.53770
0.27099 -1.10582 1.36285
1.31590 -1.13200 -1.31551
1.49499 -1.10639 -1.22957
-2.77225 -0.97582 1.06862
-2.39249 -1.11707 2.22857
-2.79864 -0.73386 2.60197
-1.66651 -1.09683 1.03514
-1.87510 -1.07541 1.10371
-2.02995 -0.96526 0.77358
1.79180 -0.97978 0.18784
1.15577 -0.89723 -1.76610
1.30081 -0.71710 0.63337
1.22376 -0.74530 0.46490
2.18822 -0.82022 0.95053
1.04972 -0.99994 1.13782
0.84247 -1.14595 -2.19589
1.56297 -0.81454 -2.71062
1.43220 -0.74334 1.12493
0.02295 -1.25410 -1.82809
-0.44474 -1.40176 0.85686
1.12931 -0.92249 0.98243
1.29712 -0.81611 1.04274
-1.35720 -1.21292 1.35130
2.27356 -1.08994 2.17832
2.05461 -1.12101 2.04044
1.90239 -0.74874 1.48919
-1.02163 -1.15685 0.22953
-1.08951 -1.13529 0.03916
-1.19475 -1.13010 0.18581
-2.68978 -0.66929 2.20475
-0.58987 -1.43986 1.87186
1.58227 -0.60977 -1.62880
-2.00607 -0.88615 -0.87922
1.06923 -1.12453 -1.24551
1.13450 -1.12800 -1.47559
-0.32256 -1.49064 1.60501
0.47346 -1.10577 1.30072
-1.31976 -1.13089 0.03144
0.30914 -1.09703 1.14445
0.36337 -1.10582 0.92784
2.26785 -1.10640 2.40155
-1.90929 -1.09959 1.31068
-1.71511 -1.10745 1.23773
0.39976 -1.10597 0.68689
0.88468 -1.17393 0.31020
-0.59558 -1.26980 0.27806
0.82042 -1.15289 -2.94584
-1.65802 -0.68097 -1.29958
0.06075 -1.34111 0.35930
-1.37705 -1.14581 -2.27905
-1.30388 -1.14398 -2.52842
2.48237 -1.11858 2.07701
2.46190 -1.10594 2.29742
0.80967 -1.01286 2.24871
-1.81198 -1.07907 0.15504
-1.93495 -0.94216 0.19426
-1.92066 -0.96200 -0.00580
1.16471 -1.13115 -1.06706
0.15144 -1.37174 0.56510
0.26195 -1.39523 0.74920
1.34228 -1.13084 -1.55308
-0.24683 -1.49417 1.39690
-0.10758 -1.50074 1.57251
-2.17178 -0.85588 -2.07958
0.93010 -1.15190 -1.62695
-1.18420 -1.13770 0.36423
-1.36238 -1.13267 0.26123
0.43995 -1.23002 -0.36225
-0.31836 -1.10595 0.21469
-0.74673 -1.16760 -1.64089
-0.63298 -1.19925 -2.63265
0.11952 -1.06642 -2.51384
-0.57415 -1.20993 -1.34132
1.41834 -0.93606 1.63979
1.50676 -0.86068 1.46663
1.30460 -0.94016 1.42168
0.41033 -1.28098 2.36980
-2.73722 -0.69602 1.16136
1.53953 -0.81176 2.16493
0.34295 -1.05616 -2.47752
0.82556 -1.23565 2.35307
1.07011 -1.13519 0.35015
0.97773 -1.16000 0.51108
0.19802 -1.24172 -2.39252
-1.30149 -0.89239 -1.72140
2.39538 -1.06651 1.08945
-1.44782 -0.79222 -1.33648
2.67579 -1.12799 1.97897
1.10910 -0.81234 -0.45255
-1.00834 -1.15807 -2.13679
-1.49720 -0.74057 -1.16834
-1.64770 -1.10016 0.85208
-0.66449 -1.18775 -2.83356
-0.89961 -0.85274 2.52203
1.16407 -1.12246 -1.70306
-0.81816 -1.23006 0.25917
0.80059 -1.14487 -1.47030
1.21857 -0.72627 0.27816
1.37947 -0.63728 0.42887
1.57335 -0.59692 0.29242
1.59935 -0.59981 -0.16688
1.20409 -0.71760 0.04369
0.20557 -1.07053 -2.88578
-2.08606 -1.09625 1.17408
1.55993 -0.76953 -2.45821
0.41054 -1.05153 -3.08196
0.99471 -0.88869 -0.27655
0.74666 -1.12493 2.75472
-1.79008 -0.68848 -2.31280
0.27428 -1.05499 -2.68091
2.03699 -1.10105 1.50782
-1.43996 -1.01923 1.71803
0.72031 -1.18772 -0.11488
0.04762 -1.07052 -2.71416
-1.16889 -1.12242 -0.14771
1.79214 -1.01226 -0.74756
1.77835 -0.69901 -0.59744
0.34739 -1.20248 2.54818
-2.24485 -0.82282 -2.57540
-2.22038 -0.70961 -2.74328
1.48901 -0.63026 -1.41603
1.26934 -0.75544 -1.37657
1.40723 -0.65651 -1.20011
1.38198 -0.70921 -1.60537
-2.18289 -0.72906 0.95560
-2.35989 -0.87448 0.94783
0.24186 -1.06749 -1.10012
-1.56241 -1.12176 -2.24221
-1.59596 -1.06732 2.86565
0.95930 -1.14379 -1.41906
-2.08140 -0.64203 -2.77343
1.10552 -0.85632 -1.21943
-2.11284 -1.07642 1.39422
-1.91143 -1.13079 1.54497
-1.64178 -1.16457 1.94384
-1.77142 -1.16136 1.75598
2.01286 -0.69099 -2.40935
-2.15904 -0.84483 2.03969
-1.34531 -1.12251 -0.16820
-1.46535 -1.11028 -0.30049
-1.26188 -1.13419 -0.32927
1.65043 -0.75090 2.84806
-1.16672 -1.12842 -2.72369
-1.33436 -1.13334 -2.74044
-1.27377 -1.13333 -2.90389
-1.34131 -0.71389 -0.13120
-1.23522 -1.16496 -2.09676
-1.08335 -1.15120 -1.92914
-1.38749 -1.11028 -0.50636
-1.61742 -1.10977 -0.45517
0.29117 -1.26335 -0.20721
-2.04194 -0.90112 1.90316
-0.23797 -1.10576 -0.45056
1.79816 -0.67424 -2.43735
0.95223 -0.92405 -1.06553
-1.74352 -1.14419 2.09617
-0.99224 -1.15377 -2.70579
-1.03683 -1.15250 -2.93820
0.52661 -1.10006 0.46908
1.05042 -0.86435 -0.05454
1.19245 -0.72391 -0.22812
-0.06968 -1.45310 0.96705
-2.33758 -0.72082 1.10837
0.47142 -1.35600 0.72183
0.33991 -1.35454 0.58395
1.46500 -0.63924 2.55388
-1.85404 -1.11239 1.95245
-0.89080 -1.15334 -1.97651
-0.95721 -1.15000 -0.13284
0.83746 -1.14253 -1.28936
0.60327 -1.19628 -1.38894
-2.06301 -1.06136 -2.39945
0.95711 -1.02150 2.15015
1.12145 -1.01355 2.01079
-1.56353 -0.95779 1.50451
0.23841 -1.25671 -0.41632
-0.69535 -1.03130 -1.75966
-0.39593 -1.05545 -2.22475
-1.44455 -0.66450 0.17741
-1.90275 -1.03284 0.32844
1.05109 -0.63345 2.90906
0.38199 -1.24854 -2.98465
0.61044 -1.17748 -2.97411
0.48285 -1.20180 -2.77288
1.44997 -0.60814 -0.50650
1.41499 -0.60616 -0.30941
0.53738 -1.10580 2.03293
-1.98421 -0.74477 -1.02128
1.62270 -1.10259 -0.71535
1.28278 -0.93824 2.07322
-0.15951 -1.48374 1.18489
-0.30850 -1.44721 1.00136
2.28756 -1.12562 1.95709
1.69261 -0.62604 -1.00889
1.82868 -0.67959 -1.14766
1.68757 -0.65326 2.66630
1.89596 -0.82984 -1.10218
0.44261 -1.03385 -1.92679
-2.00117 -1.12735 1.78361
1.86134 -0.95508 -0.95507
-1.51482 -1.10584 -0.09692
-2.27162 -0.71702 1.31505
-0.47991 -1.05611 -1.68184
-1.57214 -1.14653 1.38318
1.27373 -0.67551 -0.46864
1.19202 -0.75371 -0.61076
-1.73070 -1.10384 -0.04023
0.34273 -1.21958 -2.57648
0.92282 -1.07737 1.93359
-1.67170 -1.10602 -0.24477
-0.73172 -0.71433 3.01725
-1.42372 -0.84180 -1.88806
-1.48413 -0.78285 -1.69540
-1.92670 -0.76414 0.14422
1.24382 -0.74467 -1.15520
-0.09075 -1.11621 2.79399
1.07801 -1.05211 1.78261
0.49980 -1.10570 1.77844
1.93118 -0.71590 -1.63680
1.51905 -0.62469 -1.05396
-1.08553 -0.80932 2.50615
-1.64061 -0.66683 -1.03786
1.62718 -1.10736 -2.35812
-0.79972 -1.10586 1.14762
-1.53515 -0.79172 -2.06092
1.21150 -0.92716 1.20153
1.39032 -0.84554 1.26329
-0.27325 -1.02338 3.17529
-2.62425 -0.86675 1.55073
-2.38107 -0.93045 1.66026
-2.43183 -0.76087 1.46916
1.07768 -1.02610 1.36810
1.72262 -0.80442 1.48770
-1.29688 -1.02215 1.26076
-1.23478 -0.93686 -1.91117
-1.07009 -0.99008 -1.93514
0.67743 -1.10615 1.24752
2.13289 -0.72137 2.22195
1.20230 -1.00673 1.60701
-0.79907 -1.17178 -2.96696
-0.82987 -1.16183 -2.77220
0.06473 -1.26957 -0.47388
-1.24797 -0.95931 -2.26369
-1.34647 -0.90257 -2.08142
-1.15064 -0.98092 -2.08578
0.19479 -1.06923 -1.90111
1.21265 -1.12248 -1.92870
0.09580 -1.08037 -1.68288
-1.66751 -1.16339 1.56381
1.46219 -1.11814 0.17157
-0.10625 -1.10083 -0.32167
-1.13536 -0.98378 -2.44499
-1.03899 -1.00888 -2.25906
-1.75377 -1.11595 1.40954
1.58570 -0.60200 -0.64647
-0.16564 -1.08020 -2.00358
1.35208 -0.64869 -0.69617
1.25047 -1.12422 -2.15405
1.53360 -0.60646 -0.86432
1.74009 -1.10520 -2.66586
1.78778 -1.10840 -2.49197
-1.83666 -0.77689 2.82040
0.71390 -1.10586 1.86024
0.76793 -1.08260 2.08268
-0.81292 -0.99487 -1.33625
2.43547 -1.07805 2.51570
1.01607 -1.06306 1.58186
0.83451 -1.09610 1.45022
0.87444 -1.09119 1.70588
-2.17036 -0.68301 -2.61089
-0.17922 -1.28022 -0.21825
-0.49039 -1.24734 -0.49320
1.69685 -1.08609 -0.90552
-0.57773 -1.03265 -1.28783
1.80640 -1.10482 -2.79649
-1.47227 -0.95780 1.28435
-1.67627 -0.87984 1.30680
-1.69148 -0.64364 0.69490
-0.65126 -1.02100 -1.52042
-1.73511 -0.63597 -0.83583
-1.83466 -0.65936 -0.97756
-1.85373 -0.66261 -1.15253
-1.92145 -0.70297 -0.84211
