-0.751 0.182 3.588
-0.599 0.233 3.599
-0.591 0.014 3.671
0.514 0.240 0.877
0.752 0.354 0.785
0.530 0.292 0.663
0.485 0.043 3.702
0.609 0.227 3.584
0.323 0.156 3.537
0.299 0.048 3.138
0.465 -0.027 3.246
0.512 -0.124 3.169
0.099 -0.010 3.017
0.136 -0.005 3.115
0.835 0.238 -3.842
0.810 0.209 -3.677
1.014 0.285 -3.862
-0.124 0.101 1.601
0.047 0.239 1.608
-0.094 0.264 1.472
1.282 0.101 -3.596
1.357 -0.035 -3.722
1.204 0.117 -3.893
-0.392 -0.307 -2.384
-0.318 -0.295 -2.609
-0.127 -0.327 -2.427
-0.134 0.963 2.514
-0.315 0.868 2.647
-0.228 0.811 2.404
0.256 -0.059 3.109
-1.001 0.038 -1.470
-1.015 0.221 -1.649
-0.908 -0.038 -1.647
0.344 0.464 1.073
0.419 0.345 1.250
0.538 0.301 1.065
-0.393 0.072 3.013
-0.488 -0.084 2.918
-0.600 0.002 3.047
0.989 0.511 -1.163
1.098 0.351 -1.096
1.160 0.353 -1.348
0.951 0.044 -0.920
0.756 0.088 -1.026
0.752 0.093 -0.802
-0.678 0.291 0.449
-0.684 0.143 0.641
-0.779 0.354 0.649
0.317 -0.103 1.170
0.092 -0.017 1.206
0.194 -0.017 1.034
0.431 0.670 -0.581
0.617 0.635 -0.666
0.412 0.735 -0.800
0.403 0.344 0.935
-0.430 0.730 -1.758
-0.178 0.756 -1.833
-0.357 0.707 -2.017
-0.483 0.711 -0.416
-0.275 0.828 -0.423
-0.290 0.632 -0.274
0.768 -0.122 -0.934
0.611 -0.105 -0.741
-0.924 -0.198 1.953
-0.729 -0.248 1.841
-0.943 -0.216 1.692
0.125 0.757 -2.129
0.246 0.721 -2.326
-0.014 0.672 -2.341
-0.410 0.360 1.048
-0.274 0.503 1.001
-0.477 0.459 1.148
-0.761 -0.138 1.722
-0.523 -0.067 1.670
-0.615 -0.080 1.884
-0.015 0.782 1.668
0.051 0.848 1.490
-0.083 0.819 1.400
0.185 0.910 2.183
0.086 0.899 2.025
0.063 0.956 2.223
-0.529 0.104 2.154
-0.658 0.258 2.254
-0.686 0.247 2.213
-0.641 0.718 -1.960
-0.516 0.708 -2.222
-0.742 0.596 -2.199
-0.882 -0.129 -1.427
-0.753 -0.218 -1.593
1.205 0.148 1.132
1.141 0.378 1.069
1.085 0.275 1.288
-0.802 0.641 -1.801
-0.893 0.458 -1.746
-0.832 0.625 -1.606
1.027 0.348 3.062
1.023 0.393 3.303
1.025 0.141 3.232
0.902 0.484 2.910
0.906 0.461 2.656
0.756 0.556 2.792
0.440 0.276 0.145
0.611 0.395 -0.043
0.330 0.407 -0.049
0.829 0.627 -0.490
0.846 0.623 -0.773
0.505 0.475 2.894
0.721 0.427 2.947
0.555 0.465 3.117
0.412 0.457 2.666
0.652 0.424 2.720
0.406 -0.213 2.114
0.247 -0.165 2.276
0.486 -0.200 2.336
-0.479 -0.127 -1.371
-0.352 -0.127 -1.560
-0.586 -0.104 -1.584
-0.466 -0.086 0.750
-0.705 -0.132 0.786
-0.568 -0.098 0.987
-0.265 -0.311 -2.175
0.381 0.354 2.795
0.427 0.168 2.892
0.362 0.336 2.979
0.883 0.071 -2.515
1.097 0.093 -2.689
1.127 0.042 -2.422
-0.958 0.447 -2.190
-0.860 0.544 -2.403
-0.863 0.637 -1.378
-0.726 0.738 -1.492
-0.150 -0.022 1.263
-0.383 -0.045 1.345
-0.294 -0.083 1.121
-0.773 -0.310 0.426
-0.535 -0.342 0.427
-0.651 -0.341 0.630
0.370 0.357 1.842
0.512 0.260 1.656
0.250 0.146 1.692
0.693 0.497 -0.286
0.916 0.565 -0.243
-1.250 0.001 2.008
-1.196 0.023 2.250
-1.086 -0.140 2.100
-0.292 -0.127 -2.332
-0.436 -0.128 -2.162
-0.202 -0.052 -2.134
-0.614 -0.218 -3.342
-0.488 -0.238 -3.183
-0.701 -0.189 -3.089
-0.904 -0.357 1.401
-1.092 -0.306 1.430
-0.998 -0.315 1.228
-0.475 0.877 -1.205
-0.313 0.894 -1.381
-0.501 0.773 -1.480
0.373 -0.300 -2.356
0.143 -0.329 -2.380
0.295 -0.305 -2.563
1.009 -0.255 -1.376
0.903 -0.250 -1.116
0.764 -0.308 -1.349
-0.909 -0.095 3.269
-0.731 -0.209 3.116
-0.679 -0.133 3.351
0.647 0.349 1.243
0.769 0.332 1.077
0.778 0.088 -1.234
0.814 0.165 -1.440
1.005 0.104 -1.300
-0.714 0.290 3.629
-0.840 0.419 3.438
-0.996 0.299 3.568
-0.581 -0.107 -1.133
-0.369 -0.127 -1.208
1.170 0.167 -1.135
1.170 0.264 -0.923
-0.278 -0.325 -0.348
-0.086 -0.333 -0.196
-0.318 -0.330 -0.097
0.387 0.334 -3.182
0.497 0.383 -2.920
0.227 0.364 -2.993
-0.654 0.099 1.117
-0.662 0.050 0.876
-0.517 0.201 1.011
-0.733 0.390 -1.423
-0.715 0.435 -1.201
-0.528 0.345 -1.272
0.347 0.754 -2.127
0.440 0.703 -2.294
-1.316 0.664 2.799
-1.128 0.809 2.681
-1.286 0.656 2.558
-0.003 0.150 1.955
-0.182 0.400 2.067
-0.170 0.333 1.921
1.098 -0.222 -1.615
1.218 -0.088 -1.413
-1.034 -0.147 1.465
-1.153 -0.094 1.637
0.393 0.482 1.623
1.192 0.260 -3.442
0.996 0.201 -3.578
0.983 0.224 -3.298
-0.303 0.421 -3.239
-0.220 0.235 -3.117
-0.256 0.458 -2.976
1.203 0.272 -3.163
0.701 0.325 3.432
0.514 0.199 3.354
0.242 0.809 -1.972
0.049 0.805 -1.912
0.229 0.878 -1.773
-0.932 -0.112 0.839
-1.114 -0.019 0.966
-0.937 -0.142 1.074
-1.002 0.325 -1.941
-0.009 0.877 -1.675
-0.881 0.680 -1.086
-0.698 0.780 -1.292
-0.773 -0.121 0.970
-0.702 -0.214 1.607
-0.514 -0.261 1.739
-0.491 -0.227 1.502
-1.207 -0.169 0.825
-1.003 -0.296 0.825
-1.105 -0.250 1.030
-0.626 0.658 -1.113
-0.467 0.703 -1.008
-0.681 0.705 -0.935
0.209 -0.327 2.288
0.084 -0.413 2.079
0.366 -0.404 2.066
-0.039 0.664 1.973
-0.125 0.743 2.191
-0.215 0.556 2.113
-0.321 0.091 2.317
-0.367 -0.021 2.129
0.043 0.530 1.451
-0.139 0.701 1.440
0.000 0.706 1.525
-0.006 0.133 2.050
-0.041 0.312 1.940
-0.183 0.181 1.959
0.675 -0.127 -1.178
0.564 -0.127 -1.418
0.413 -0.125 -1.215
0.388 -0.339 0.335
0.343 -0.324 0.058
0.569 -0.290 0.147
-0.261 0.041 1.602
-0.489 0.041 1.478
-0.322 0.177 1.399
-0.169 0.577 1.861
0.870 0.337 2.244
0.894 0.298 2.468
1.083 0.265 2.320
-0.214 -0.044 1.765
-0.080 -0.087 1.930
0.055 0.013 1.815
-0.710 0.280 3.378
-0.177 0.103 2.050
0.265 0.580 -1.814
0.154 0.511 -2.012
0.381 0.554 -2.028
-1.110 0.467 3.464
-0.928 -0.238 -0.164
-1.049 -0.062 -0.260
-0.895 -0.235 -0.369
-0.718 -0.191 -4.026
-0.466 -0.242 -4.040
-0.577 -0.279 -3.780
-0.757 0.260 2.446
-0.622 0.149 2.242
-0.652 0.053 2.511
-0.493 1.073 2.655
-0.320 1.044 2.471
-0.447 0.092 2.628
-0.420 -0.064 2.423
0.707 0.214 1.394
0.524 0.199 1.293
-0.899 -0.009 0.135
-0.762 0.112 -0.059
-0.884 0.249 0.123
-0.406 0.780 1.176
-0.513 0.702 1.367
-0.310 0.783 1.395
-0.880 0.122 -0.447
-0.843 0.303 -0.532
-0.748 0.244 -0.300
-0.970 0.248 -0.125
-0.055 0.398 -1.683
0.038 0.339 -1.896
0.028 0.559 -1.823
-1.003 0.676 3.486
-1.047 0.835 3.345
-1.185 0.655 3.331
1.211 0.028 2.350
1.083 -0.123 2.237
1.217 -0.057 2.093
-0.591 0.259 2.380
0.906 0.334 1.900
0.984 0.226 1.717
0.780 0.300 1.711
-0.171 0.543 1.896
-0.243 0.348 2.039
-0.972 0.372 -0.351
-0.999 0.504 -0.129
1.120 0.260 1.896
1.166 0.177 1.726
1.141 0.295 1.537
1.259 0.142 1.373
-1.125 0.455 3.240
-1.139 0.247 3.218
-1.046 0.321 3.367
-0.549 0.345 -3.504
-0.590 0.367 -3.230
-0.678 0.165 -3.350
1.299 0.084 1.879
1.167 -0.093 1.899
-0.823 0.217 1.192
-0.679 0.321 1.040
-0.161 0.592 -3.140
0.033 0.553 -3.288
-0.200 0.551 -3.369
-0.186 0.284 -3.468
-0.166 0.442 -3.325
-0.355 0.380 -3.460
-0.909 0.724 2.419
-0.956 0.943 2.528
-0.712 0.839 2.518
0.715 0.049 -0.574
0.761 -0.057 -3.925
0.910 -0.113 -3.733
0.939 -0.072 -3.896
-0.063 -0.308 -0.434
-0.054 -0.273 -0.631
0.154 -0.272 -0.548
-0.185 0.701 1.585
1.117 -0.078 -3.856
1.147 -0.010 -3.647
-0.805 0.866 0.912
-0.945 0.717 0.966
-0.827 0.819 1.135
-1.095 -0.189 0.627
-1.258 -0.067 0.646
-1.197 -0.059 0.420
-0.053 0.799 1.903
-0.258 0.667 2.015
-0.168 0.916 2.085
-1.092 0.639 0.118
-0.914 0.750 0.235
-0.927 0.755 0.004
0.380 0.519 -0.457
0.455 0.538 -0.231
0.565 0.651 -0.427
-0.452 0.214 -2.733
-0.357 0.112 -2.541
-0.419 -0.008 -2.738
0.340 0.239 -3.699
0.060 0.135 -3.650
0.198 0.135 -3.491
-0.170 0.022 -3.360
-0.019 0.127 -3.453
0.027 -0.128 -3.439
-0.217 0.362 2.274
-0.386 0.441 2.444
-0.455 0.274 2.285
-0.043 0.653 2.402
0.109 0.582 2.564
0.131 0.578 2.356
0.124 -0.311 -0.300
0.295 -0.272 -0.375
0.314 -0.295 -0.180
0.948 -0.271 0.726
0.808 -0.307 0.977
0.696 -0.295 0.729
1.186 -0.157 0.720
1.032 -0.154 0.512
1.263 -0.067 0.490
0.064 0.798 2.090
0.350 -0.142 3.764
0.533 -0.158 3.619
0.576 -0.127 3.869
1.167 0.246 -3.682
0.832 0.517 3.359
0.908 0.545 3.140
0.692 0.632 3.216
1.019 0.311 2.821
0.745 0.279 2.564
0.808 0.272 2.796
0.971 0.445 1.202
0.799 0.454 1.383
1.005 0.410 1.403
0.975 -0.232 1.170
0.745 -0.247 1.235
0.246 -0.336 -2.158
-0.005 -0.326 -2.169
-0.756 0.064 3.754
-0.857 -0.054 3.523
-0.641 -0.163 3.602
-0.535 -0.042 -1.985
-0.316 -0.128 -1.955
0.637 -0.105 -3.741
0.755 -0.148 -3.523
0.314 -0.268 1.690
0.285 -0.263 1.458
0.097 -0.311 1.602
0.105 0.941 1.323
-0.016 0.879 1.166
0.180 0.736 2.244
0.059 0.831 2.388
-0.802 0.139 2.372
-0.764 0.881 0.695
-0.812 0.664 0.847
0.765 0.124 -2.078
0.676 0.019 -2.321
0.931 0.159 -2.274
0.653 0.100 0.354
0.722 0.207 0.130
0.840 0.213 0.358
0.886 -0.118 1.037
1.046 -0.061 1.192
1.094 0.037 1.009
0.561 -0.126 -1.835
0.789 -0.127 -1.865
0.648 -0.111 -2.008
-0.023 0.500 -3.516
-0.253 0.482 -3.589
0.278 -0.096 0.806
0.444 -0.075 0.991
-1.125 0.093 -0.062
-1.106 0.181 -0.269
-1.179 0.280 -0.120
-0.261 -0.481 1.905
-0.058 -0.478 1.879
-0.169 -0.429 2.087
0.188 0.155 0.615
0.301 0.405 0.612
0.200 0.279 0.443
-1.229 0.416 2.859
-1.157 0.213 2.994
-1.221 0.378 3.086
-0.053 -0.031 1.074
0.494 -0.208 1.555
0.517 -0.229 1.779
0.826 -0.251 1.868
0.764 -0.216 2.096
0.613 -0.338 1.953
-1.136 0.372 0.733
-1.126 0.317 0.501
-0.968 0.519 0.576
-0.502 0.077 -3.468
-0.618 -0.040 -3.634
-0.386 0.038 -3.671
-0.064 0.632 -2.609
-0.214 0.659 -2.460
-1.340 0.494 2.679
1.318 0.041 -3.304
1.323 0.089 -3.006
1.122 -0.167 1.326
1.069 -0.154 1.552
0.918 -0.232 1.397
0.797 -0.286 -0.653
0.634 -0.321 -0.477
0.560 -0.324 -0.712
0.733 -0.342 -0.899
1.169 -0.172 1.126
1.289 -0.051 1.235
-0.831 0.013 -2.648
-0.723 -0.118 -2.451
-0.879 0.083 -2.418
0.054 -0.178 -3.045
-0.165 -0.152 -3.095
-0.093 -0.159 -2.879
-0.134 1.003 2.320
-0.512 0.668 -0.741
-0.793 0.583 -0.756
-0.218 0.585 2.347
-0.235 -0.031 2.306
-0.108 0.031 2.193
0.161 0.786 1.219
-0.225 0.887 1.198
0.341 -0.127 0.141
0.326 -0.140 -0.085
0.136 -0.137 0.036
-0.051 -0.030 -0.045
-0.079 -0.127 -0.263
-0.277 -0.071 -0.130
0.911 -0.332 -2.648
0.732 -0.321 -2.825
0.969 -0.316 -2.891
-0.963 0.535 2.790
-0.748 0.613 2.681
-0.961 0.583 2.545
1.031 -0.112 2.854
1.134 -0.038 2.612
0.989 0.108 2.730
0.993 0.460 0.226
0.748 0.441 0.329
0.909 0.368 0.419
1.019 -0.126 2.430
0.954 -0.134 2.629
0.803 -0.236 2.488
1.006 0.111 2.497
-1.285 -0.177 1.453
-1.337 -0.111 1.674
-1.410 0.028 1.490
-0.996 0.596 3.279
-0.981 0.556 3.040
-1.154 0.685 3.122
-0.788 0.632 2.941
-0.811 0.455 3.094
-0.826 0.419 2.859
1.010 0.271 2.624
-0.064 0.059 2.144
0.113 0.043 2.051
0.037 -0.184 1.124
0.074 -0.225 0.906
-0.101 -0.155 0.924
-1.331 0.300 2.669
-1.179 0.184 2.767
-0.918 0.149 -2.840
-0.826 0.299 -3.022
-0.853 0.049 -3.076
-1.276 0.448 0.879
-1.325 0.367 1.123
-1.154 0.579 1.043
-0.775 -0.053 -3.778
-0.663 0.328 2.806
-0.671 0.185 2.940
-0.691 0.162 2.719
-1.074 0.041 3.141
-0.655 -0.127 0.126
-0.800 -0.111 0.362
-0.958 0.774 0.748
-0.884 0.751 0.499
-1.104 0.602 0.813
-0.207 0.026 0.917
0.016 0.125 0.982
-0.067 0.087 0.728
-0.837 0.885 2.741
-0.671 0.732 2.635
-0.562 0.866 2.766
-0.682 1.078 2.857
-0.522 0.513 -1.133
-0.710 0.510 -1.013
0.514 0.689 3.062
0.593 -0.289 -2.361
0.479 -0.294 -2.158
0.228 0.528 -3.446
0.228 -0.298 -2.778
0.475 -0.304 -2.742
-0.447 -0.129 3.423
-0.647 -0.058 -3.223
-0.680 -0.014 -3.443
-0.458 -0.005 0.011
-0.628 -0.059 -0.087
-0.695 0.350 -0.946
-0.776 0.338 -0.760
-0.834 0.193 -0.947
-0.705 0.149 1.350
-0.923 0.147 1.395
0.165 0.373 -3.235
-0.010 0.350 -3.057
0.149 0.403 -3.649
0.412 0.413 -3.578
-0.641 0.506 0.670
-0.452 0.356 0.669
-0.435 0.567 0.582
0.910 0.038 3.459
0.840 0.218 3.595
0.772 -0.016 3.697
-0.391 0.260 -3.685
-0.374 0.180 -3.488
0.464 -0.132 3.386
0.713 -0.124 3.447
0.278 0.376 -2.748
-0.629 0.488 0.289
-0.850 0.599 0.343
-0.742 0.642 0.162
1.117 -0.127 -1.009
0.951 -0.211 -0.838
0.215 -0.139 3.341
0.138 -0.216 3.124
0.388 -0.229 3.162
0.653 0.089 -1.736
0.660 0.043 -1.923
0.851 0.083 -1.855
-0.616 0.808 1.188
-0.701 0.697 1.015
0.614 0.209 -2.423
0.435 0.164 -2.262
0.627 0.280 -2.185
0.213 0.376 -0.523
0.243 0.422 -0.285
1.263 -0.068 1.472
1.310 0.115 1.611
1.217 -0.072 1.703
-0.139 -0.024 -3.693
-0.398 -0.128 -3.670
-0.306 0.002 -3.485
-0.455 -0.377 0.618
-0.302 -0.376 0.479
-0.537 -0.087 -3.869
-0.509 -0.111 -3.445
0.352 -0.338 2.520
0.190 -0.307 2.727
0.083 -0.293 2.509
-0.792 0.647 3.385
-0.564 1.022 2.419
1.212 -0.075 -2.851
1.121 -0.252 -2.733
1.148 -0.237 -2.931
0.089 -0.099 0.596
-0.174 0.112 -3.590
-0.005 0.168 -3.428
0.121 -0.324 -0.060
0.132 -0.347 0.197
-0.103 -0.329 0.063
-0.194 -0.017 1.945
-0.268 0.114 2.159
-0.934 0.215 -1.369
0.316 0.627 2.684
0.101 0.669 2.799
0.592 -0.287 -3.198
0.554 -0.304 -2.994
0.366 -0.294 -3.164
-0.540 -0.379 2.414
-0.405 -0.353 2.566
-0.639 -0.355 2.599
0.061 -0.236 2.908
-0.039 -0.280 2.718
0.121 -0.126 -0.397
-0.084 -0.012 -0.480
-1.300 0.348 0.496
-1.241 0.493 0.661
-1.200 0.522 0.472
0.596 -0.289 -1.963
0.492 -0.305 -1.748
0.363 -0.303 -1.949
-0.290 0.391 1.234
-0.364 0.278 1.061
-0.870 0.141 0.355
-0.848 0.037 0.620
-0.846 -0.251 -0.604
-0.678 -0.285 -0.438
-0.204 -0.176 2.517
0.047 -0.128 2.442
-0.157 -0.184 2.277
-0.016 -0.245 0.725
-0.214 -0.099 0.725
-0.979 -0.120 2.337
-1.110 0.053 2.500
0.200 0.919 -1.508
-0.193 -0.233 1.095
-0.156 -0.207 1.296
-0.187 -0.127 0.300
0.003 -0.141 0.368
-0.015 -0.060 0.181
-1.077 -0.305 2.059
-0.988 -0.333 2.333
-1.199 -0.193 2.285
-0.387 -0.009 1.841
-0.532 0.370 -1.046
0.305 -0.159 2.509
0.144 -0.042 2.672
0.576 -0.305 2.183
0.574 -0.280 2.402
0.420 -0.360 2.296
-0.167 -0.335 2.525
0.156 -0.186 0.259
0.788 -0.293 0.233
0.753 -0.308 -0.006
0.126 -0.110 1.913
-0.148 0.117 1.816
-0.596 0.340 1.770
-0.377 0.298 1.931
-0.392 0.200 1.691
-0.366 0.290 2.186
-0.509 0.452 2.106
-1.237 -0.219 1.860
-1.301 -0.154 2.076
-1.394 -0.042 1.890
0.816 -0.270 -1.981
0.951 -0.248 -1.804
0.725 -0.291 -1.771
0.924 0.223 0.572
1.014 0.169 0.800
0.740 0.139 0.748
0.476 0.484 -3.363
0.516 0.540 -3.135
0.732 0.483 -3.300
0.481 -0.032 -2.497
0.399 -0.011 -2.285
0.288 -0.019 -2.454
-0.043 0.417 1.271
0.069 0.498 1.034
-0.175 0.554 1.143
-0.379 0.962 2.253
1.086 -0.127 -1.220
-0.284 0.029 -3.114
-0.348 0.125 -2.914
-0.314 -0.102 -2.923
-0.622 0.135 1.845
-0.378 0.117 1.897
-0.520 0.195 2.068
-0.132 -0.258 2.890
-0.260 -0.312 2.751
-0.658 0.674 -2.428
-0.417 0.673 -2.443
0.524 0.059 0.182
0.540 0.141 0.008
-0.181 0.354 1.714
-0.404 0.428 1.619
-0.396 0.504 -0.090
-0.473 0.394 0.103
-0.548 0.617 0.070
-0.922 0.412 0.832
-0.670 0.836 0.508
-0.687 0.738 0.321
1.100 -0.012 -2.168
-0.733 0.428 -3.369
-0.632 0.513 -3.517
-0.746 0.314 -3.533
-1.171 0.539 1.284
-0.990 0.677 1.205
1.201 0.314 -2.102
1.292 0.195 -1.969
1.317 0.090 -2.177
1.227 0.297 -2.350
1.023 0.398 -2.245
-0.453 0.773 0.440
-0.155 0.617 -2.873
0.117 0.585 -2.792
0.687 0.707 -1.092
0.595 0.689 -1.259
0.495 0.753 -1.055
0.358 -0.286 -2.935
0.168 -0.301 -3.000
-0.518 0.183 1.344
-0.402 0.327 1.284
-0.562 0.534 -1.354
1.143 -0.144 0.295
0.704 -0.280 -2.167
0.120 0.305 1.420
0.016 0.175 1.287
-0.062 0.128 -3.192
-0.033 -0.111 -3.192
-0.120 -0.296 1.510
-0.099 -0.332 1.750
0.117 -0.330 -1.941
0.802 0.344 -2.344
1.005 0.295 -2.479
0.786 0.279 -2.594
0.160 0.893 -1.241
-0.070 0.921 -1.396
-0.503 0.716 -0.160
-0.621 0.529 -0.302
-0.297 -0.087 2.980
-0.253 -0.127 2.746
-0.483 -0.137 2.840
-0.662 -0.328 0.208
0.902 0.283 1.008
1.034 0.405 0.836
-0.588 0.732 0.666
-0.315 -0.303 1.876
-0.311 -0.296 1.632
1.015 -0.120 -2.847
0.937 -0.126 -2.571
-0.548 0.048 -2.861
-0.657 0.122 -2.674
-0.394 0.561 0.389
0.989 0.435 -0.907
0.984 0.460 -0.645
-0.875 -0.270 0.633
-1.313 0.215 2.110
-1.368 0.354 2.299
-1.232 0.434 2.119
-1.247 0.093 1.581
-1.239 0.148 1.360
-1.064 0.227 1.523
-0.900 -0.258 0.225
0.223 0.075 2.139
0.292 0.266 2.045
0.238 0.224 2.307
1.217 0.290 -2.616
0.166 0.028 0.193
0.254 -0.058 0.381
0.100 0.105 0.402
0.251 -0.322 -1.728
-0.850 0.180 0.809
0.858 -0.109 -1.403
1.022 0.053 -1.512
0.948 -0.083 -1.671
-1.005 0.737 -0.439
-1.072 0.514 -0.462
-1.114 0.614 -0.260
0.930 0.288 -1.229
0.924 0.125 -1.100
0.999 0.259 -0.980
-0.820 -0.123 -0.077
-0.126 -0.127 3.751
-0.202 -0.127 3.484
0.043 -0.127 3.535
0.511 0.106 2.318
0.477 0.299 2.190
0.333 0.079 2.161
-0.560 0.553 -3.055
-0.382 0.598 -3.228
-0.594 0.554 -3.303
1.032 0.112 -3.454
1.004 -0.127 -3.491
0.373 -0.055 1.955
0.481 -0.106 2.156
-0.388 0.085 -2.144
0.236 -0.154 -3.422
0.031 -0.185 -3.568
-0.004 -0.206 -3.301
-0.888 0.318 -2.390
-0.897 0.423 -2.562
-0.920 0.232 -2.608
-1.215 0.491 -0.053
-1.245 0.452 0.252
0.958 -0.031 -0.423
0.802 -0.126 -0.521
0.766 -0.127 -0.322
0.458 -0.151 -2.025
-0.486 0.773 2.409
-0.338 0.720 2.219
-0.450 0.500 2.351
-0.399 0.647 0.191
-0.339 0.617 -3.030
-1.105 0.658 0.592
-0.055 -0.126 2.658
-0.344 0.514 2.152
0.677 0.015 -2.566
0.843 -0.112 -2.120
0.893 -0.282 -2.159
0.847 -0.292 -2.378
0.698 -0.298 -0.245
0.480 -0.274 -0.317
0.090 -0.022 -1.486
-0.032 -0.122 -1.320
0.182 -0.027 -1.261
-0.669 -0.148 -2.698
-0.793 -0.069 -2.870
-0.329 -0.402 2.311
0.819 0.110 2.562
0.795 0.084 2.765
0.614 0.017 2.601
0.425 0.378 2.420
0.638 0.298 2.364
1.071 -0.054 -3.306
1.056 -0.098 -3.098
1.020 0.122 -3.197
1.014 0.189 -2.019
-0.028 -0.130 3.295
0.185 0.202 1.916
0.131 0.302 2.158
-0.676 0.573 2.034
-0.575 0.439 1.933
-0.759 0.479 1.860
-0.756 0.457 -3.179
-0.773 0.501 -2.980
0.371 -0.215 0.362
0.582 -0.127 0.471
0.544 -0.103 0.239
0.862 -0.274 -1.577
-1.105 0.003 0.717
0.547 -0.104 2.559
0.079 0.137 -1.936
0.246 0.058 -1.778
0.134 0.261 -1.747
-0.698 0.330 1.974
-0.479 -0.262 -2.981
-0.291 -0.279 -3.127
-0.252 -0.314 -2.862
-1.086 0.678 -0.080
-0.439 -0.175 2.596
-0.967 0.562 1.761
-1.209 0.496 1.727
-1.123 0.555 1.943
-0.499 0.296 -2.105
-0.651 0.196 -2.303
-0.751 0.372 -2.116
-0.791 0.823 -0.367
-0.957 0.757 -0.211
0.234 0.172 -1.562
0.443 0.117 -1.650
0.432 0.253 -1.459
-1.013 0.544 2.165
-0.804 0.715 2.190
-0.891 0.629 1.971
-0.287 0.697 -1.379
-0.145 0.485 -1.462
-0.077 0.737 -1.506
0.469 0.023 -1.862
0.536 0.031 -2.086
0.200 -0.138 -1.657
-0.005 -0.026 -1.704
0.523 -0.313 -1.336
0.639 -0.316 -1.133
0.049 0.342 -2.823
0.091 0.340 -2.591
-0.072 0.250 -2.447
0.136 0.289 -2.371
-0.012 0.237 -2.260
0.311 0.315 -2.517
0.337 0.331 -2.288
-0.288 0.487 0.085
-0.212 0.680 -0.016
1.079 0.036 0.584
1.005 -0.080 0.801
-0.501 0.078 -3.075
0.461 -0.218 1.087
0.634 -0.113 0.956
0.434 -0.206 0.848
-0.502 -0.229 3.199
-0.565 -0.284 2.996
-0.328 -0.274 2.998
0.043 -0.127 -1.098
-0.180 -0.121 -1.157
-0.124 -0.079 -0.942
-0.381 -0.141 3.647
-1.000 0.634 -0.656
-1.047 0.400 -0.671
-0.343 -0.127 3.799
-0.584 -0.127 3.855
0.332 0.543 2.433
0.030 -0.472 1.658
-0.091 -0.475 1.500
0.098 -0.472 1.439
0.542 0.489 0.217
0.347 0.389 0.344
0.540 0.448 0.470
-0.226 -0.468 1.678
-1.227 0.165 1.103
-1.190 0.179 0.851
-1.120 0.370 0.988
-0.696 -0.128 2.941
-0.607 0.015 2.824
-1.124 -0.063 1.240
-0.355 0.511 -2.330
-0.519 0.524 -2.120
-0.641 0.468 -2.375
-0.394 0.237 -2.332
-0.537 0.259 -2.521
-0.030 -0.127 1.434
-0.249 -0.154 1.483
0.185 -0.131 1.403
0.087 -0.129 1.632
0.340 0.021 0.585
0.471 0.076 0.787
0.344 -0.346 0.602
0.559 -0.312 0.538
0.500 -0.329 0.724
0.677 -0.178 1.190
0.465 -0.172 1.321
0.683 -0.137 1.428
0.869 -0.078 1.293
-0.292 0.989 -0.335
-0.357 0.864 -0.143
-0.143 0.826 -0.231
0.285 -0.127 3.570
0.290 0.203 3.255
0.924 -0.070 -1.126
0.131 -0.053 2.344
-0.154 -0.088 2.379
-0.048 -0.093 2.120
-0.698 0.376 -3.958
-0.804 0.093 -4.007
-0.806 0.223 -3.761
-1.184 -0.027 1.453
0.313 -0.334 -0.761
0.058 -0.322 -0.801
0.220 -0.297 -1.038
-0.674 0.438 -3.728
0.274 -0.303 -3.408
0.115 -0.336 -3.229
0.052 -0.301 -3.451
0.558 -0.285 -3.797
0.321 -0.310 -3.815
0.484 -0.279 -4.022
-0.817 -0.074 -0.470
-0.874 0.023 -0.261
-0.313 0.390 -2.739
-0.164 0.473 -2.546
-0.440 0.471 -2.560
-0.765 -0.351 0.834
-0.887 -0.342 1.035
0.319 0.506 2.867
-0.762 0.668 1.347
0.401 0.123 -2.501
0.586 0.157 -2.673
-0.524 0.803 0.972
-0.723 -0.165 -3.550
-1.205 -0.220 1.237
0.516 -0.118 -0.980
0.354 -0.104 -0.787
-0.770 0.871 -0.130
0.841 0.490 2.065
0.734 0.476 1.852
0.622 0.573 2.040
0.154 0.140 1.500
-0.027 0.667 1.225
-0.250 0.674 1.253
-0.143 0.722 1.061
1.113 -0.287 -3.537
1.197 -0.167 -3.731
1.297 -0.126 -3.527
0.416 -0.316 -3.600
0.646 -0.307 -3.578
0.493 0.110 1.460
0.518 0.379 1.403
-0.048 0.318 -3.289
0.943 0.485 -0.030
1.059 0.386 -0.208
-1.459 0.189 1.301
-1.357 -0.036 1.261
0.290 0.133 1.299
1.113 0.322 0.018
-0.320 -0.120 -0.395
-0.252 -0.052 -0.605
-0.442 -0.128 -0.630
-0.574 -0.028 -0.457
-0.690 -0.115 -0.271
-0.954 -0.120 2.609
-0.869 0.105 2.574
1.257 0.234 -0.183
-0.756 0.455 1.432
-0.933 0.478 1.326
-0.889 0.307 1.484
-0.145 -0.321 -1.935
0.501 -0.130 1.380
0.572 -0.029 1.182
-0.235 -0.127 -2.711
-0.788 0.363 2.275
-0.785 0.447 2.487
-0.974 0.389 2.407
0.989 0.230 3.440
0.923 0.393 3.505
-0.817 0.265 1.764
-0.729 0.065 1.579
-0.260 0.001 2.561
0.963 0.319 -3.026
-0.044 0.016 2.578
0.595 0.183 -3.561
0.597 0.131 -3.353
0.792 0.152 -3.440
-1.006 0.125 1.632
-1.024 0.180 1.891
0.600 -0.059 1.583
0.510 -0.127 1.782
0.397 -0.125 1.585
0.343 0.689 -1.258
0.310 0.523 -1.062
0.258 0.744 -1.014
0.334 0.218 -0.377
0.411 0.648 -0.936
0.250 0.549 -0.879
-1.088 0.286 -0.465
-1.058 0.092 -0.437
-0.342 0.493 2.641
-0.454 0.311 2.690
-0.234 0.236 2.572
0.534 -0.036 -2.723
0.303 -0.027 -2.647
0.337 -0.032 -2.878
-0.119 0.220 1.644
0.060 0.177 1.643
-0.054 0.036 1.784
-0.131 0.399 -2.284
-0.306 0.388 -2.112
-1.259 0.246 0.069
-1.137 0.396 -0.273
0.414 0.024 -3.329
0.616 -0.001 -3.416
0.603 0.029 -3.199
-0.504 0.158 1.425
-0.333 0.237 1.572
-0.480 0.042 1.661
0.737 0.174 -3.154
0.353 0.136 -2.743
0.288 0.151 -2.984
0.130 0.096 -2.798
-0.180 0.434 1.501
0.034 0.404 1.631
-0.111 0.250 -2.671
-0.128 0.420 -2.782
-0.154 0.242 -2.891
-0.412 0.268 -3.078
-1.258 0.608 3.071
-1.197 0.855 2.927
0.630 0.508 -1.272
0.568 0.445 -1.452
0.689 0.316 -1.306
0.177 0.091 -2.571
-0.769 0.662 -0.080
-0.424 0.462 -1.739
-0.658 0.516 -1.868
-0.438 0.420 -1.941
-1.038 -0.106 0.256
-1.161 0.039 0.171
-1.034 -0.145 0.023
0.701 -0.185 1.891
0.526 -0.212 1.967
-0.522 0.305 -1.494
-0.725 0.313 -1.663
-0.761 0.472 0.478
-0.032 0.045 2.402
-0.074 0.182 2.296
0.089 0.113 2.247
0.558 -0.344 0.911
0.153 0.656 1.996
0.392 0.635 2.022
0.289 0.604 1.807
-0.611 0.356 1.271
-0.579 0.544 1.071
0.905 0.315 1.536
0.711 0.304 1.521
0.201 0.240 0.094
0.225 0.205 -0.153
0.345 0.036 0.021
0.295 0.172 0.304
-0.701 0.173 -3.116
-0.665 0.009 -3.010
0.877 0.287 1.206
0.895 0.378 -3.169
0.639 0.359 -3.156
0.773 0.267 -3.347
0.511 0.304 -3.387
-0.148 -0.275 -1.265
-0.091 -0.305 -1.045
-0.292 -0.287 -1.171
0.677 0.457 -2.592
0.497 0.334 -2.660
0.666 0.347 -2.767
0.763 0.347 -2.948
0.738 0.544 -3.051
0.544 0.613 -2.901
0.358 0.631 -2.729
0.588 0.658 -2.659
0.224 0.317 -1.374
0.314 0.507 -1.434
0.213 0.394 -1.593
0.804 0.635 -1.229
0.633 0.628 -2.387
0.408 0.688 -2.494
-0.370 -0.350 0.196
-0.240 -0.274 -0.572
0.512 0.399 -2.432
0.554 0.680 -2.131
-0.725 0.155 -2.893
0.139 -0.000 -3.037
-0.098 -0.012 -2.987
-0.180 -0.290 -0.793
-0.665 0.124 -1.569
-0.485 0.243 -1.712
0.631 0.271 -3.763
1.060 0.475 -1.769
0.849 0.544 -1.647
1.045 0.457 -1.558
-0.661 0.222 -1.906
0.578 0.295 2.706
0.383 0.145 2.684
0.594 0.229 2.756
0.642 0.102 2.944
0.589 0.320 2.960
0.432 0.299 3.158
0.659 0.230 3.203
0.281 0.245 -1.907
0.313 0.316 -1.733
0.474 0.303 -1.825
0.455 0.417 -1.611
-1.036 0.311 1.260
-0.908 0.253 1.028
-0.979 0.090 1.160
0.982 0.248 0.172
-1.038 0.039 1.370
-0.805 -0.060 1.252
-0.864 -0.072 1.533
-0.858 0.022 1.001
0.154 -0.125 -3.630
0.254 -0.005 -3.479
0.397 0.152 -3.425
0.192 -0.026 -3.265
0.377 0.007 -3.110
0.768 -0.127 0.310
0.696 -0.127 0.115
-0.479 0.129 0.745
-0.635 0.287 0.755
0.814 0.323 -0.317
0.689 0.267 -0.545
0.950 0.294 -0.544
1.063 0.107 -0.543
1.050 0.184 -0.751
-0.462 0.472 -3.662
-0.302 0.433 -3.819
-0.495 0.462 -3.892
0.939 -0.044 -0.678
-1.257 0.347 1.911
-0.707 -0.046 -1.378
0.125 0.690 -1.144
0.164 0.649 -1.394
-0.106 0.254 2.103
-0.032 0.495 2.043
-1.248 0.290 1.611
-1.426 0.361 1.751
-1.099 0.436 1.488
-1.017 0.352 1.690
1.047 0.044 1.649
0.878 -0.079 1.534
0.863 -0.059 1.776
-1.327 0.383 1.400
0.998 0.097 1.905
0.849 -0.061 2.018
-0.280 0.627 -1.136
-0.071 0.703 -1.251
-0.050 0.596 -0.987
0.090 0.863 -0.972
-0.084 0.774 -0.822
-0.318 0.547 -0.901
-0.154 0.587 -0.733
-0.348 0.506 -0.695
1.326 0.101 -2.741
1.199 0.280 -2.886
0.107 0.702 -1.664
-0.059 0.587 -1.645
0.353 0.720 -1.614
0.384 0.022 2.485
0.569 -0.048 2.359
-0.636 0.870 -0.507
-0.434 0.945 -0.535
-0.585 0.877 -0.719
0.190 0.184 -3.246
0.734 0.619 2.984
0.493 0.595 2.584
0.547 0.633 2.803
0.682 0.551 2.609
0.242 0.559 2.193
-0.565 0.955 -0.293
0.648 0.301 0.954
0.358 0.228 0.814
0.270 0.182 3.035
-0.123 -0.005 3.107
-0.043 -0.023 2.871
-0.363 -0.109 3.186
-1.155 0.187 0.652
-1.086 0.085 0.488
-1.094 0.217 0.275
-0.041 0.166 1.788
0.004 0.038 1.608
-0.232 0.120 1.506
-0.667 -0.126 1.504
-0.615 -0.002 1.312
-0.832 -0.122 1.958
-0.660 -0.054 2.116
-0.548 0.210 1.096
1.227 -0.088 -2.606
0.513 0.536 1.831
0.175 0.652 -2.549
0.373 -0.127 2.743
0.637 -0.121 2.818
0.306 -0.127 -1.441
0.441 -0.127 -1.638
-0.533 -0.249 1.978
-0.854 0.235 -3.296
0.439 0.523 -2.248
-0.004 -0.327 -1.705
0.148 -0.315 -1.499
0.526 -0.274 -0.090
1.182 0.349 -0.356
1.248 0.180 -0.432
1.154 0.342 -0.549
1.044 0.481 -0.416
-0.344 0.649 2.534
0.063 -0.302 1.359
0.389 -0.312 -1.528
-0.794 -0.266 -0.836
-0.631 -0.326 -0.672
0.661 -0.334 1.706
-1.166 -0.268 1.642
-0.933 -0.370 1.624
-1.060 -0.317 1.815
-0.781 -0.379 1.245
-0.521 -0.437 1.285
-0.716 -0.402 1.475
0.464 0.204 -2.030
0.260 0.125 -2.101
-0.660 -0.128 2.352
-0.498 -0.057 2.222
-0.867 -0.047 2.266
0.927 0.521 -1.396
0.653 0.702 -0.896
0.627 -0.315 -1.551
-0.957 -0.103 -0.767
-0.906 0.077 -1.882
1.244 0.160 -0.697
1.132 0.356 -0.747
-0.348 -0.302 -0.974
-0.548 -0.313 -1.195
-0.951 -0.148 3.015
-0.839 0.528 -1.974
-0.250 0.498 1.336
-0.368 0.543 1.205
0.009 0.569 1.738
-0.236 0.542 1.660
0.058 0.264 1.805
-0.252 0.832 -1.589
-0.105 0.714 -2.078
-1.123 0.227 2.064
-0.946 -0.001 2.062
-0.947 0.165 2.281
-1.174 0.263 2.358
0.354 0.517 3.061
0.313 0.700 2.923
-0.101 0.931 -0.403
-0.288 0.627 -0.541
-0.490 0.494 -0.533
-0.516 -0.130 3.085
-0.493 0.275 0.301
-0.935 0.426 1.936
-0.782 0.485 2.140
-1.039 0.369 2.199
-0.550 0.483 -0.821
-0.671 0.452 -0.581
-0.088 -0.297 -4.053
0.193 -0.352 -4.038
0.081 -0.311 -3.819
1.031 0.442 -2.003
0.842 0.333 -2.095
0.864 0.367 -1.848
-1.300 -0.106 1.036
-0.410 -0.327 -1.953
-0.507 -0.304 -2.184
-0.882 0.425 -1.500
-0.928 0.441 -1.251
0.436 -0.415 1.787
0.501 -0.419 1.538
0.265 -0.453 1.606
-0.667 0.742 -1.688
0.817 0.590 -1.013
-1.044 0.283 2.593
-0.498 0.394 0.983
-1.163 0.543 2.653
-1.159 0.609 2.886
-0.685 -0.116 -0.673
-0.869 0.090 -0.687
0.785 -0.082 2.598
0.612 -0.068 3.035
0.423 -0.127 2.978
-0.767 0.268 -2.519
0.693 -0.126 -1.637
-0.452 -0.129 -1.774
-0.329 -0.160 0.948
-0.624 -0.128 0.549
-0.432 -0.238 1.217
-0.719 -0.211 1.141
-0.105 0.401 -3.735
0.451 0.766 -1.890
-0.089 0.302 -3.528
-0.246 0.208 -3.355
0.364 0.025 -3.698
-0.017 -0.048 -3.965
-0.313 -0.120 -3.912
-0.726 0.323 -2.743
0.459 0.010 0.384
0.006 -0.321 -2.828
-0.749 0.540 -2.606
-0.850 0.010 2.810
0.294 -0.299 -1.303
0.430 -0.320 -1.152
-0.869 0.174 -2.159
0.768 0.560 -0.098
-0.430 0.108 1.195
0.599 -0.133 -2.192
0.377 -0.187 -2.224
1.026 -0.166 1.781
0.881 -0.268 1.630
-0.751 1.088 2.603
1.061 0.175 0.382
-1.118 -0.210 2.524
-1.311 -0.035 2.464
-0.369 -0.304 -3.377
-0.121 -0.342 -3.296
0.142 0.129 2.524
-0.300 -0.112 2.186
0.462 0.050 -0.606
0.163 0.034 -0.620
0.111 -0.066 -2.537
-0.004 0.075 -2.407
-0.040 0.083 -2.639
-0.567 -0.317 -0.027
-0.097 -0.359 0.331
-0.127 -0.205 0.514
-0.818 -0.385 2.143
-0.579 -0.415 2.214
-0.404 -0.445 2.052
-0.605 0.597 2.212
-0.528 0.884 -0.953
-0.680 0.842 -1.090
0.080 -0.073 -2.793
0.483 -0.318 -2.520
-0.699 0.641 -0.526
0.228 0.009 2.893
-0.576 -0.058 0.344
-0.137 0.671 2.665
-0.132 0.425 2.677
-0.833 -0.071 -3.317
1.026 0.131 -3.798
0.957 0.023 -3.655
0.791 0.092 -3.782
-0.270 0.689 -2.261
-0.920 0.130 3.627
-1.030 0.109 3.404
0.796 0.168 -2.847
0.539 0.162 -2.931
0.055 -0.290 -1.269
1.182 0.327 -1.640
-0.320 -0.287 -1.377
-1.095 0.373 0.075
-0.930 0.557 0.116
-1.043 0.457 0.316
0.929 -0.264 -0.172
-0.384 0.634 1.548
0.274 0.572 -0.650
0.309 0.359 -0.743
-0.874 0.603 -0.337
0.162 0.475 2.752
-0.058 0.480 2.872
0.024 0.232 2.743
0.204 0.344 2.545
0.275 0.550 -3.209
0.074 0.595 -3.046
0.315 0.565 -2.967
-0.281 -0.406 0.717
-0.078 -0.395 0.588
0.117 -0.127 3.750
-0.457 -0.305 -0.507
-0.506 -0.316 -0.271
0.613 -0.348 1.106
0.628 0.446 1.641
0.051 -0.217 2.223
-0.362 -0.050 0.484
0.875 -0.278 -3.552
1.000 -0.271 -3.758
1.359 -0.130 -3.899
0.482 -0.324 -0.949
-0.344 -0.127 -1.016
0.214 -0.264 0.764
0.139 -0.283 0.501
-0.197 1.026 -0.562
-0.050 0.987 -0.767
-0.322 0.923 -0.791
-0.077 0.788 -0.582
-0.809 -0.195 -1.214
-0.728 -0.233 -1.032
-0.780 0.442 -0.403
-0.903 0.487 -0.556
-0.855 -0.207 1.485
-0.646 0.502 0.867
1.202 -0.216 -3.309
0.190 -0.455 1.847
-0.102 -0.030 -1.919
0.011 -0.147 -2.080
-1.010 -0.014 -1.229
-0.338 -0.281 2.127
-0.120 -0.287 -2.665
0.467 0.064 3.073
0.757 0.127 0.518
0.248 -0.220 0.990
-1.426 0.111 1.064
-0.233 0.926 -1.195
-0.340 0.908 -1.027
0.715 -0.328 1.465
0.135 -0.449 1.205
0.387 -0.422 1.094
0.326 -0.452 1.364
-0.683 -0.178 1.373
-1.342 0.052 0.819
0.544 -0.359 1.302
-1.370 0.262 0.917
-0.046 -0.384 2.304
0.253 0.076 3.305
0.806 -0.001 -3.540
0.609 0.038 -3.615
1.295 -0.048 0.962
-1.321 0.210 2.475
-1.405 0.117 2.295
-0.416 0.219 -3.307
0.621 -0.298 0.349
-0.965 0.722 3.143
0.674 -0.298 -2.580
-0.946 0.477 2.607
-0.686 0.613 2.404
1.198 0.179 2.112
0.739 0.334 0.534
-0.154 -0.300 -3.528
0.192 -0.286 -3.621
0.007 -0.305 -3.636
-0.464 -0.129 2.033
1.048 0.373 2.093
1.111 0.376 0.444
0.948 0.411 0.608
-0.063 -0.338 -3.057
-1.385 0.121 1.713
-0.780 0.495 3.285
-0.809 0.649 3.168
0.259 -0.115 1.798
0.410 0.091 1.744
0.256 0.067 1.941
-0.631 0.464 3.465
0.270 0.467 -2.166
-0.898 0.561 2.343
-1.126 0.481 2.420
-0.215 -0.127 -1.744
-0.623 0.244 2.601
-0.468 0.235 2.564
0.319 0.275 1.498
-1.305 0.112 2.633
1.007 -0.170 2.034
-1.036 0.057 -0.953
-0.930 -0.167 -1.010
0.450 0.353 -0.545
0.559 0.306 -0.328
0.979 0.346 -3.445
0.674 0.380 -3.504
-0.406 -0.296 -0.736
-0.933 0.479 2.367
-0.973 -0.186 0.435
1.183 0.018 -0.280
-0.239 -0.193 1.923
-0.996 0.624 2.533
-0.771 -0.054 -0.920
-0.609 0.533 -1.591
-0.491 -0.006 -0.226
0.032 -0.211 1.874
0.206 -0.123 2.064
0.545 0.181 2.521
0.652 -0.217 3.209
0.304 0.368 -3.430
0.155 0.290 -3.450
-0.386 0.384 0.464
-0.330 0.429 0.265
0.153 0.290 -2.126
1.029 -0.217 -0.590
1.164 -0.091 -0.765
1.199 -0.043 -0.516
1.074 -0.175 -0.348
-0.826 0.231 2.062
0.798 0.396 -1.499
0.215 0.115 -2.336
0.270 -0.045 -1.027
0.116 -0.227 -2.841
0.200 -0.193 -2.642
0.328 -0.197 -2.816
-1.107 0.004 2.898
-1.174 -0.026 2.674
-0.423 0.594 -2.843
-0.536 0.624 -2.634
-0.302 0.639 -2.644
-0.651 -0.391 1.050
0.820 0.029 -3.067
1.048 0.110 -2.951
0.525 -0.080 0.014
0.731 -0.124 -0.086
-1.451 0.190 1.927
-0.423 0.029 -3.285
0.052 0.169 -2.997
-1.032 -0.206 2.774
0.051 0.101 1.842
-0.160 0.462 2.472
0.153 0.522 2.982
-0.716 -0.249 -1.386
-0.537 -0.281 -1.496
-0.749 -0.119 -1.819
0.808 -0.296 0.487
0.956 -0.226 0.325
0.132 -0.067 -0.176
1.302 0.075 0.697
0.032 0.069 -2.168
-0.625 0.377 -2.968
-0.648 0.439 2.373
-0.619 0.347 2.168
1.094 -0.263 -2.489
-0.837 0.076 -3.543
-0.150 -0.113 -2.504
-0.387 -0.122 -2.539
0.512 -0.080 -0.247
0.596 -0.128 -0.490
0.353 -0.125 -0.465
1.061 -0.191 0.948
0.459 0.163 -3.184
-1.091 0.646 0.361
1.054 0.128 2.963
-0.492 -0.341 2.798
-0.334 0.380 1.172
-0.434 0.416 1.359
-0.381 -0.261 2.370
-0.564 -0.236 2.214
-1.002 0.243 -1.126
-0.999 0.296 -0.886
1.233 0.034 -0.089
1.123 -0.131 -0.117
0.238 0.252 1.046
0.990 0.130 1.214
0.451 0.014 -3.507
0.072 -0.339 -2.607
0.040 0.653 2.198
-0.504 -0.393 0.837
0.333 -0.151 -1.844
-0.946 0.436 -1.042
-1.486 0.254 1.541
0.808 0.504 2.416
0.673 0.439 2.228
0.915 -0.224 2.262
0.812 0.015 -2.784
0.167 -0.066 -2.309
0.263 -0.042 -2.044
0.137 0.302 0.813
-0.037 0.928 -1.159
-0.779 0.574 2.552
-0.682 -0.427 1.724
-0.478 -0.443 1.567
-0.614 -0.262 2.447
-0.635 -0.431 1.974
-0.744 -0.381 2.383
-0.024 0.442 2.269
-0.764 -0.296 2.847
-0.813 -0.290 0.008
1.109 -0.217 -3.953
-0.549 0.556 2.577
-0.887 -0.316 2.580
1.266 0.119 -1.309
1.283 0.147 -1.522
0.140 -0.406 0.710
0.138 -0.369 0.460
-0.251 0.409 -1.646
-0.394 0.459 -1.509
0.237 -0.206 -2.045
-0.076 -0.300 2.032
-0.449 -0.460 1.817
-0.278 -0.459 1.419
-0.150 0.967 -0.990
-0.410 -0.118 0.220
0.130 -0.288 1.842
0.175 -0.186 2.057
-1.329 0.291 0.719
-1.332 0.116 0.563
0.291 -0.261 2.934
0.398 -0.330 2.757
0.585 -0.293 2.645
0.112 0.669 1.367
-0.610 0.129 -3.687
-0.233 -0.011 0.101
0.802 -0.288 -3.098
1.068 -0.280 -3.105
1.259 0.181 0.466
0.446 -0.131 -3.276
0.638 -0.144 -3.352
0.482 -0.151 -3.540
-0.733 -0.282 -0.210
0.763 0.550 0.114
1.284 0.156 0.058
1.182 0.262 0.247
1.289 0.043 0.269
1.145 0.275 0.656
-0.225 0.356 -1.864
-0.636 0.389 2.995
-0.543 0.220 3.165
-0.617 0.446 3.221
0.185 0.351 1.222
0.267 -0.289 1.218
-1.280 0.431 2.503
0.042 -0.041 0.882
1.333 0.097 -2.474
1.256 -0.122 -2.352
1.262 -0.036 -1.169
1.266 0.052 -0.946
1.055 -0.219 -2.248
1.231 -0.157 -2.096
1.024 -0.238 -2.023
-0.479 0.715 2.665
0.675 0.217 -0.130
0.457 0.145 -0.180
0.062 -0.127 -3.783
0.750 0.411 3.175
0.819 0.039 -3.313
0.602 0.130 0.996
0.242 -0.128 -3.675
0.419 -0.126 -3.778
-0.698 0.264 -1.125
-0.121 -0.183 1.672
0.659 -0.166 -2.592
0.757 -0.166 -2.364
0.498 -0.099 -3.956
0.232 -0.105 -3.973
-1.240 0.602 2.306
0.797 -0.127 3.004
0.973 -0.026 3.075
-0.892 -0.034 1.799
-1.120 0.025 1.880
0.866 -0.285 -0.415
-1.265 0.162 1.900
-0.237 0.254 1.279
-0.278 0.304 1.434
-0.621 0.700 0.841
-0.695 0.194 -1.344
-0.809 0.055 -1.162
0.548 -0.190 -2.801
0.442 -0.158 -3.020
-1.309 0.179 0.317
1.246 -0.127 -3.079
0.967 -0.299 -3.326
0.731 -0.306 -3.355
1.227 0.226 0.891
0.802 -0.218 2.761
-0.469 0.140 2.404
0.288 -0.128 -0.275
0.908 0.289 -0.068
-0.158 0.361 1.031
-0.301 0.838 0.962
0.349 0.031 0.235
-0.061 0.101 -2.834
0.407 -0.282 -0.534
-0.761 0.857 -0.889
-0.313 -0.146 1.697
0.380 -0.176 0.610
1.074 0.188 -0.300
-1.039 0.734 2.251
-0.905 -0.208 1.293
-0.302 -0.240 1.434
0.863 -0.164 -3.276
1.003 -0.245 0.093
-1.435 0.027 2.097
-0.998 -0.082 -0.521
-0.592 0.544 1.516
-0.618 0.283 1.520
1.181 -0.207 -1.853
-0.519 -0.095 -0.863
0.720 0.135 2.387
0.647 0.073 2.167
-0.885 0.418 -2.789
0.585 0.388 2.539
-0.137 -0.308 -3.761
-0.580 -0.251 -2.361
0.667 0.274 -1.945
0.844 0.235 3.042
0.839 -0.105 0.579
0.793 -0.119 0.817
0.996 -0.048 0.357
0.696 -0.207 -3.994
0.910 -0.240 -3.980
0.780 -0.242 -3.772
0.236 -0.171 -3.173
0.233 -0.154 -2.974
-0.421 0.552 -3.450
-0.535 -0.247 -2.549
1.157 0.299 -1.875
0.015 0.286 1.128
-0.168 0.139 1.181
0.471 0.477 -0.861
0.617 0.336 -0.985
0.541 0.269 -0.759
-1.086 0.005 1.630
-0.634 0.408 -2.595
1.166 -0.040 0.086
0.989 0.325 -2.743
-0.445 -0.420 1.061
0.146 0.437 1.907
0.505 0.618 -1.458
0.636 0.537 -1.590
-0.427 0.407 1.442
-0.456 0.570 1.275
-0.477 0.007 -2.357
0.381 -0.047 2.309
1.030 -0.059 -1.920
1.097 0.159 -1.734
0.956 -0.080 -2.328
0.916 0.137 2.182
-0.691 -0.128 2.665
-0.810 -0.197 2.473
-0.869 -0.382 1.890
-0.145 -0.127 -3.476
0.423 -0.170 -2.615
0.289 -0.190 -2.434
0.517 -0.172 -2.403
-0.650 -0.255 -2.000
-0.098 0.273 -2.083
0.775 -0.163 -2.798
-0.811 -0.035 -2.262
-0.292 -0.109 -0.795
-0.400 0.586 0.827
-0.121 -0.122 -1.532
-0.259 -0.131 -3.298
0.602 -0.096 0.715
0.571 0.078 0.563
-0.256 -0.125 -1.358
0.700 -0.176 1.659
0.912 -0.053 0.101
0.860 0.109 0.997
-0.651 0.526 -2.817
-0.278 -0.448 1.182
-0.831 0.822 -0.631
-0.274 -0.424 0.950
-0.346 0.487 -1.282
-0.462 -0.197 -2.763
0.623 0.055 -3.752
-0.971 0.531 -0.863
-0.521 0.875 0.206
-0.383 0.824 0.057
-0.555 0.915 -0.025
0.741 0.156 1.214
0.952 -0.039 -0.173
1.089 0.115 -0.011
0.105 -0.127 -0.858
-0.315 0.583 1.411
1.069 -0.008 1.399
0.876 0.152 1.460
-0.606 -0.141 -2.888
-0.734 0.832 0.104
-1.082 0.129 -0.676
-0.917 0.728 -0.831
-0.080 -0.461 1.303
-0.095 -0.191 3.071
0.822 -0.027 3.233
0.582 -0.017 -2.962
-1.142 0.812 2.427
-0.270 -0.152 3.238
0.504 -0.282 -3.384
0.608 -0.045 1.969
0.633 0.061 1.766
0.695 0.106 1.584
0.646 0.048 1.401
-0.363 0.651 1.080
0.567 -0.285 2.932
0.064 -0.186 -2.465
-0.023 -0.200 -2.670
0.344 -0.034 1.411
0.236 0.007 1.573
-0.318 -0.299 -3.889
-0.350 -0.323 -3.645
-0.532 -0.273 -3.537
-0.095 -0.302 -1.464
-0.585 -0.304 -1.755
-0.419 0.320 -2.887
-0.527 0.411 -2.753
0.152 -0.175 -2.256
-0.072 -0.153 -2.292
0.759 0.441 -1.133
0.810 0.275 -1.034
0.561 0.578 -1.074
0.878 0.281 3.292
0.233 0.483 -1.249
0.438 0.384 -1.237
-0.778 0.343 2.608
-0.254 0.050 1.709
-0.302 -0.338 -1.667
-0.614 0.139 3.382
-1.195 0.850 3.176
0.345 -0.226 1.909
-0.822 0.904 3.012
-1.008 0.775 2.931
-1.008 0.698 2.722
-0.861 0.737 2.596
0.836 -0.074 2.227
0.895 -0.002 2.409
-0.144 0.248 2.340
0.732 0.527 -2.807
0.347 -0.385 0.833
-1.152 0.203 1.746
-0.069 -0.442 1.072
0.837 0.133 1.720
0.756 0.140 1.952
0.728 0.634 -1.441
-0.790 -0.067 -2.057
-0.575 -0.280 -0.906
0.063 -0.028 -3.568
-0.606 0.045 -1.784
-0.516 0.314 0.812
-0.488 0.190 0.518
1.080 0.069 0.203
0.653 -0.160 2.135
0.708 -0.122 2.378
0.816 0.316 -0.799
-0.408 0.149 -1.913
-0.359 0.310 2.459
-0.479 0.686 -1.239
0.459 0.505 2.210
0.581 0.561 2.405
1.252 -0.043 -1.683
1.299 0.170 -1.767
-1.265 0.019 1.782
-0.472 -0.005 3.213
-0.978 1.027 2.812
0.100 -0.145 -1.869
0.652 0.430 -1.763
0.614 0.279 -1.609
0.839 0.212 -1.653
-0.694 -0.191 -2.222
-0.289 -0.293 -4.059
-1.357 -0.068 2.250
0.730 -0.264 2.286
-1.031 0.935 3.052
-0.739 -0.218 2.070
-0.911 -0.211 2.150
-0.780 -0.249 2.283
1.018 0.272 -1.490
-0.079 -0.093 -0.706
-1.122 -0.132 1.863
0.837 -0.155 -3.021
0.652 -0.177 -2.959
0.647 -0.138 -3.149
0.147 -0.431 0.957
-0.069 -0.426 0.832
1.261 0.007 -1.924
0.432 0.137 1.972
-0.789 0.448 1.641
