-1.101 -0.146 4.104
-1.054 -0.301 4.154
-0.849 -0.128 4.049
0.458 0.336 1.322
0.660 0.384 1.153
0.534 0.172 1.183
0.343 -0.062 3.841
0.445 0.095 3.705
0.187 -0.024 3.646
0.285 -0.207 3.352
0.471 -0.113 3.432
0.571 -0.136 3.345
0.080 -0.137 3.223
0.108 -0.171 3.319
1.466 -0.022 3.400
1.426 -0.013 3.238
1.583 -0.155 3.411
-0.087 0.362 1.335
0.073 0.312 1.480
-0.123 0.307 1.521
1.436 0.126 3.431
1.334 0.051 3.608
1.590 -0.053 3.624
-0.385 0.730 2.333
-0.322 0.663 2.567
-0.122 0.738 2.394
-3.203 -0.087 3.223
-2.997 0.015 3.296
-3.145 0.046 3.071
0.370 -0.237 3.264
-1.066 0.952 1.386
-1.220 0.912 1.580
-0.948 0.878 1.555
0.250 0.607 1.339
0.305 0.455 1.506
0.489 0.525 1.399
-0.626 -0.081 3.505
-0.717 -0.092 3.323
-0.843 -0.097 3.476
1.573 0.765 1.297
1.600 0.968 1.253
1.404 0.959 1.430
0.893 1.051 1.138
0.798 0.894 1.276
0.746 0.868 1.067
-2.109 0.230 0.799
-2.113 0.264 1.040
-1.965 0.116 0.935
0.101 -0.132 1.302
-0.138 -0.105 1.262
-0.004 -0.102 1.131
0.852 0.543 1.124
1.036 0.642 1.107
0.997 0.403 1.017
0.335 0.440 1.299
-2.012 0.939 1.745
-2.246 0.903 1.853
-2.034 0.789 1.975
-2.047 0.724 0.601
-2.271 0.829 0.595
-2.185 0.742 0.391
0.647 1.055 1.199
0.506 0.878 1.113
-0.979 -0.219 2.142
-0.786 -0.251 2.020
-1.001 -0.215 1.881
-2.423 0.943 2.221
-2.483 0.831 2.404
-2.221 0.858 2.385
-0.653 0.713 1.348
-0.635 0.875 1.496
-0.661 0.627 1.466
-0.940 -0.010 1.659
-0.748 0.139 1.676
-0.791 -0.027 1.832
-3.342 -0.128 1.199
-3.359 -0.108 1.004
-3.201 -0.091 0.970
-3.594 0.011 2.987
-3.582 -0.111 2.846
-3.477 -0.057 3.013
-1.125 0.260 2.288
-1.223 0.263 2.472
-1.263 0.286 2.449
-1.785 0.918 1.931
-1.836 0.722 2.142
-1.611 0.830 2.148
-0.868 0.967 1.343
-0.743 1.006 1.536
1.134 -0.060 1.320
1.042 0.172 1.312
0.945 0.022 1.455
-1.634 0.967 1.763
-1.440 1.019 1.713
-1.623 1.023 1.574
0.700 0.003 3.309
0.709 0.104 3.534
0.907 -0.020 3.501
0.515 0.078 3.152
0.594 0.167 2.939
0.406 0.198 3.081
0.468 0.373 0.626
0.707 0.514 0.639
0.459 0.631 0.722
1.002 0.841 0.919
1.246 0.741 1.007
0.187 0.101 3.148
0.435 0.135 3.175
0.261 0.129 3.351
0.086 0.119 2.924
0.324 0.062 2.978
0.342 -0.244 2.291
0.192 -0.291 2.462
0.430 -0.239 2.511
-0.579 0.855 1.581
-0.443 0.763 1.749
-0.679 0.709 1.752
-0.577 -0.122 0.924
-0.816 -0.102 1.010
-0.631 -0.067 1.173
-0.252 0.814 2.133
0.094 -0.034 3.055
0.241 -0.130 3.176
0.093 -0.034 3.253
1.124 0.449 2.467
1.157 0.563 2.727
1.107 0.707 2.518
-1.361 0.860 2.136
-1.463 0.763 2.342
-1.645 1.041 1.344
-1.778 1.099 1.485
-0.347 0.013 1.286
-0.537 0.149 1.359
-0.400 0.185 1.177
-0.701 -0.037 0.529
-0.459 -0.033 0.546
-0.585 -0.173 0.693
-0.069 0.160 1.872
0.100 0.116 1.675
0.086 0.365 1.822
0.857 0.728 0.719
1.084 0.662 0.732
-1.342 -0.092 2.210
-1.289 -0.052 2.446
-1.133 -0.159 2.291
-0.345 0.498 2.411
-0.487 0.519 2.228
-0.253 0.536 2.201
-0.647 0.392 3.302
-0.516 0.477 3.150
-0.726 0.499 3.055
-0.855 -0.379 1.429
-1.046 -0.346 1.461
-0.950 -0.338 1.258
-2.099 1.198 1.241
-2.227 1.123 1.418
-2.001 1.111 1.509
0.370 0.857 2.372
0.145 0.796 2.371
0.285 0.792 2.579
1.019 1.223 1.424
0.942 1.193 1.138
0.772 1.251 1.372
-0.937 -0.252 3.321
-0.745 -0.199 3.152
-0.708 -0.229 3.411
0.501 0.328 1.477
0.702 0.402 1.441
0.911 0.878 1.449
0.980 0.917 1.656
1.041 1.074 1.501
-1.132 -0.296 4.014
-1.372 -0.157 3.910
-1.255 -0.210 3.726
-0.684 0.896 1.341
-0.466 0.892 1.423
1.445 1.083 1.190
1.605 1.031 1.048
-0.195 0.700 0.387
-0.000 0.550 0.368
-0.226 0.443 0.321
-2.464 0.280 3.139
-2.512 0.145 2.893
-2.280 0.133 3.044
-2.225 0.328 1.467
-2.074 0.319 1.275
-2.306 0.412 1.298
-1.295 0.681 1.690
-1.362 0.778 1.488
-1.211 0.602 1.474
-2.508 0.739 2.202
-2.612 0.689 2.353
-1.872 -0.276 3.045
-2.122 -0.236 2.999
-1.958 -0.262 2.808
-3.351 -0.133 2.014
-3.230 -0.085 2.262
-3.372 -0.044 2.200
1.103 1.197 1.682
1.285 1.227 1.471
-1.088 -0.128 1.664
-1.210 -0.086 1.840
0.172 0.295 1.837
1.554 0.180 3.224
1.615 -0.029 3.165
1.447 0.117 3.005
-1.631 0.107 3.308
-1.834 0.200 3.213
-1.619 0.194 3.065
1.542 0.351 3.022
0.525 0.193 3.571
0.291 0.194 3.543
-2.535 0.869 2.068
-2.406 1.006 2.002
-2.572 0.899 1.870
-1.018 -0.080 1.138
-1.164 0.093 1.242
-0.969 0.003 1.352
-1.272 0.901 1.881
-2.434 1.073 1.761
-1.707 1.035 1.053
-1.853 1.128 1.288
-0.835 -0.007 1.195
-0.766 -0.235 1.786
-0.575 -0.266 1.914
-0.557 -0.214 1.681
-1.185 -0.229 0.858
-0.947 -0.253 0.864
-1.067 -0.289 1.061
-1.612 0.877 1.317
-1.770 0.937 1.222
-1.553 0.935 1.138
0.222 -0.353 2.373
0.103 -0.395 2.141
0.381 -0.438 2.154
-3.472 0.040 2.707
-3.310 0.107 2.892
-3.229 0.038 2.695
-0.875 0.286 2.356
-0.982 0.319 2.157
-2.984 -0.005 1.667
-2.963 -0.011 1.419
-3.055 0.090 1.505
-3.254 0.066 2.109
-3.320 0.047 2.317
-3.131 0.036 2.280
0.618 0.920 1.407
0.498 0.945 1.636
0.359 0.837 1.456
0.473 0.047 0.491
0.434 0.306 0.366
0.659 0.238 0.428
-0.470 0.149 1.645
-0.655 0.218 1.492
-0.444 0.326 1.489
-3.444 -0.136 2.417
0.671 0.198 2.499
0.745 0.139 2.719
0.872 0.046 2.509
-0.136 0.075 1.619
-0.240 0.051 1.768
-0.060 0.150 1.830
-1.144 -0.269 3.888
-3.152 -0.119 2.006
-2.398 0.522 1.886
-2.262 0.407 2.045
-2.427 0.549 2.119
-1.484 -0.194 3.668
-0.838 0.500 0.302
-1.041 0.607 0.307
-0.810 0.696 0.376
-0.725 -0.074 3.836
-0.479 0.048 3.912
-0.600 0.177 3.696
-1.202 0.082 2.583
-1.211 0.092 2.322
-0.994 0.007 2.487
-2.802 -0.151 3.228
-3.031 -0.129 3.112
-0.824 0.127 2.593
-0.775 0.089 2.342
0.433 0.162 1.361
0.309 0.294 1.425
-0.972 0.249 0.513
-1.114 0.465 0.450
-1.234 0.239 0.506
-2.836 -0.007 0.868
-2.777 -0.030 1.092
-2.978 -0.102 1.024
-1.083 0.735 0.718
-1.255 0.799 0.812
-1.261 0.679 0.573
-1.222 0.425 0.676
-1.950 0.436 1.799
-2.028 0.373 2.013
-2.163 0.491 1.858
-1.671 -0.133 3.803
-1.878 -0.137 3.720
-1.710 -0.225 3.581
1.149 0.033 2.535
1.055 -0.127 2.403
1.205 -0.075 2.275
-1.120 0.244 2.569
0.723 0.145 2.086
0.848 0.205 1.899
0.633 0.224 1.897
-3.380 0.129 2.562
-3.165 0.029 2.477
-1.438 0.533 0.729
-1.431 0.421 0.500
0.951 0.197 2.097
1.038 0.172 1.904
0.971 0.135 1.690
1.159 0.049 1.546
-1.528 -0.237 3.448
-1.348 -0.260 3.349
-1.351 -0.216 3.537
-1.204 0.090 3.604
-1.200 0.059 3.323
-0.983 0.039 3.453
1.173 0.082 2.058
1.164 -0.131 2.073
-2.224 0.110 1.500
-2.342 0.209 1.315
-1.933 0.572 3.104
-2.099 0.492 3.238
-1.878 0.481 3.319
-1.619 0.138 3.722
-1.821 0.148 3.666
-1.629 0.106 3.529
-2.417 -0.170 2.667
-2.374 -0.204 2.923
-2.618 -0.207 2.820
0.606 0.974 0.911
0.679 0.125 3.903
0.808 0.152 3.697
0.813 0.042 3.831
0.009 0.778 0.472
0.004 0.935 0.607
0.216 0.901 0.537
-3.136 -0.139 1.200
0.954 -0.040 3.758
1.063 0.097 3.625
-2.455 -0.022 0.735
-2.265 -0.044 0.819
-2.430 -0.127 0.936
-1.062 -0.160 0.674
-1.271 -0.161 0.678
-1.203 -0.060 0.472
-3.518 -0.146 2.652
-3.281 -0.139 2.530
-3.324 -0.122 2.798
-1.868 0.383 0.207
-2.115 0.379 0.255
-2.005 0.580 0.196
0.674 0.615 1.058
0.656 0.688 0.846
0.873 0.590 0.924
-0.756 0.423 2.873
-0.671 0.417 2.654
-0.520 0.424 2.824
1.085 -0.108 3.293
0.789 -0.035 3.286
0.924 0.106 3.206
0.475 0.163 3.182
0.423 0.167 3.388
0.276 0.319 3.256
-2.994 0.062 2.633
-2.839 0.011 2.820
-2.758 -0.001 2.588
-0.286 0.205 2.603
-0.127 0.223 2.775
-0.090 0.256 2.576
0.201 0.662 0.421
0.369 0.751 0.457
0.395 0.552 0.411
1.029 -0.186 0.840
0.876 -0.283 1.078
0.776 -0.184 0.829
1.275 -0.108 0.885
1.163 -0.074 0.643
1.337 0.076 0.723
-3.537 0.098 2.884
0.240 -0.231 3.888
0.441 -0.249 3.767
0.448 -0.128 4.019
1.618 0.040 3.382
0.544 0.235 3.623
0.536 0.143 3.394
0.351 0.293 3.488
0.711 -0.003 3.062
0.460 0.097 2.818
0.549 0.035 3.032
0.802 0.142 1.329
0.622 0.138 1.518
0.826 0.160 1.534
1.030 -0.232 1.305
0.810 -0.278 1.345
0.248 0.900 2.160
0.005 0.844 2.145
-0.909 -0.173 3.872
-0.902 -0.254 3.590
-0.671 -0.222 3.672
-0.627 0.540 2.039
-0.388 0.568 2.018
0.558 0.246 3.753
0.680 0.284 3.523
0.235 -0.264 1.857
0.201 -0.275 1.621
0.018 -0.223 1.767
-3.349 0.090 1.009
-3.152 0.144 1.041
-3.560 0.182 3.061
-3.410 0.070 3.159
-1.338 0.097 2.519
-2.438 0.134 0.577
-2.331 0.126 0.823
0.958 0.716 2.130
0.881 0.533 2.312
1.155 0.617 2.269
0.593 0.212 0.616
0.705 0.435 0.609
0.819 0.217 0.637
0.773 -0.129 1.217
0.948 -0.132 1.378
0.967 0.001 1.227
0.496 0.840 1.984
0.715 0.929 2.037
0.580 0.825 2.157
-2.041 0.460 3.475
-1.810 0.436 3.546
0.133 -0.092 0.929
0.254 -0.108 1.142
-1.227 0.414 0.289
-1.286 0.630 0.324
-1.407 0.494 0.260
-0.228 -0.469 1.948
-0.031 -0.436 1.927
-0.144 -0.442 2.141
0.190 0.120 0.911
0.374 0.291 1.031
0.254 0.313 0.853
-1.614 -0.251 3.038
-1.379 -0.221 3.124
-1.521 -0.274 3.251
-0.163 0.083 1.198
0.417 -0.237 1.722
0.432 -0.218 1.951
0.853 -0.307 2.005
0.776 -0.285 2.232
0.613 -0.320 2.058
-1.554 0.076 1.004
-1.480 -0.013 0.801
-1.742 0.046 0.818
-0.951 -0.000 3.695
-0.710 0.010 3.732
-0.862 0.022 3.935
-2.122 0.750 2.620
-2.056 0.697 2.435
-1.766 -0.244 2.870
1.442 0.418 3.308
1.479 0.605 3.032
1.152 -0.150 1.487
1.076 -0.135 1.707
0.956 -0.240 1.533
0.860 1.018 0.672
0.704 0.848 0.561
0.614 1.031 0.714
0.769 1.169 0.888
1.219 -0.165 1.295
1.343 -0.061 1.429
-0.929 0.606 2.580
-0.761 0.656 2.380
-1.012 0.688 2.352
-0.008 0.459 3.127
-0.227 0.367 3.162
-0.149 0.438 2.955
-3.263 -0.125 3.041
-1.748 0.824 0.987
-1.469 0.862 0.916
-3.065 0.096 2.858
-0.787 0.363 2.116
-0.752 0.185 2.167
-3.290 0.117 1.193
-3.033 0.073 0.880
0.256 0.299 0.455
0.244 0.522 0.521
0.051 0.404 0.480
-0.108 0.484 0.634
-0.163 0.715 0.618
-0.301 0.557 0.505
0.888 0.808 2.708
0.709 0.755 2.883
0.940 0.699 2.949
-1.834 -0.070 3.332
-1.622 -0.114 3.189
-1.875 -0.106 3.097
1.028 -0.158 3.036
1.101 -0.079 2.794
0.885 -0.051 2.928
1.012 0.272 0.687
0.766 0.189 0.804
0.922 0.259 0.908
0.981 -0.127 2.595
0.935 -0.175 2.794
0.777 -0.242 2.632
0.949 0.066 2.741
-1.270 -0.292 1.484
-1.359 -0.288 1.706
-1.503 -0.239 1.516
-1.768 0.064 3.793
-1.808 -0.037 3.575
-1.985 0.077 3.654
-1.618 -0.084 3.462
-1.422 -0.078 3.600
-1.415 -0.115 3.373
0.805 0.110 2.904
-0.436 0.149 1.888
-0.249 0.199 1.963
-0.074 -0.274 1.257
-0.031 -0.214 1.040
-0.199 -0.126 1.098
-1.605 -0.186 2.797
-1.419 -0.169 2.901
-1.088 0.567 2.773
-1.244 0.472 2.947
-0.999 0.482 3.019
-1.856 -0.117 0.825
-1.828 -0.161 1.091
-2.054 -0.062 0.958
-0.920 0.130 3.739
-1.232 -0.126 3.314
-1.054 -0.103 3.400
-1.107 -0.057 3.184
-1.164 -0.263 3.219
-0.695 0.263 0.522
-0.839 0.069 0.659
-2.250 0.007 0.603
-2.227 0.194 0.421
-2.047 -0.013 0.725
-0.239 0.180 1.009
-0.101 0.297 1.184
-0.049 0.276 0.927
-2.448 0.095 3.400
-2.595 -0.022 3.216
-2.728 0.045 3.371
-2.559 -0.130 3.346
-1.546 0.905 1.484
-1.416 0.890 1.308
0.142 0.316 3.340
0.584 0.900 2.399
0.479 0.942 2.181
-2.280 0.471 3.391
0.209 0.739 2.799
0.455 0.780 2.784
-0.483 -0.168 3.485
-0.760 0.075 3.336
-0.804 0.058 3.555
-0.482 0.405 0.489
-0.664 0.486 0.504
-1.225 0.596 1.178
-1.201 0.651 0.987
-1.105 0.771 1.168
-2.349 0.039 1.654
-2.138 0.057 1.730
-2.246 0.277 3.250
-2.056 0.153 3.139
-2.186 0.282 3.515
-2.443 0.343 3.519
-2.434 0.378 0.915
-2.252 0.539 0.937
-2.399 0.537 0.760
0.819 -0.147 3.648
0.607 -0.040 3.598
0.648 -0.079 3.851
-1.345 0.079 3.807
-1.448 0.053 3.619
0.380 -0.240 3.516
0.588 -0.155 3.586
-2.278 0.268 2.832
-2.033 0.208 0.541
-1.802 0.143 0.583
-1.843 0.336 0.521
1.205 1.192 1.041
1.028 1.123 0.855
0.148 -0.291 3.461
0.099 -0.287 3.219
0.333 -0.330 3.276
0.869 0.747 1.910
0.804 0.841 2.064
0.974 0.926 2.039
-2.640 -0.080 0.915
-2.488 0.073 0.935
1.095 0.339 2.178
0.866 0.422 2.091
1.068 0.558 2.091
0.520 0.477 1.150
0.499 0.500 0.915
1.293 -0.087 1.663
1.191 0.093 1.788
1.226 -0.103 1.886
-0.178 0.047 3.704
-0.461 0.006 3.727
-0.367 0.099 3.521
-0.382 -0.170 0.688
-0.224 -0.079 0.583
-0.572 -0.082 3.932
-0.603 0.074 3.538
0.350 -0.351 2.617
0.185 -0.298 2.811
0.084 -0.327 2.590
-1.528 0.023 3.912
-2.823 -0.156 2.974
1.288 0.643 2.872
1.106 0.765 2.798
1.124 0.636 2.974
-0.037 0.046 0.764
0.610 0.054 3.357
0.712 0.150 3.191
0.207 0.415 0.374
0.218 0.139 0.365
-0.014 0.283 0.363
-2.998 0.084 2.133
-2.924 0.045 2.375
-1.260 0.982 1.299
0.017 0.326 2.941
-0.177 0.195 3.014
0.570 0.620 3.258
0.531 0.712 3.052
0.341 0.623 3.200
-0.518 -0.394 2.456
-0.394 -0.365 2.614
-0.623 -0.341 2.634
0.042 -0.267 2.994
-0.043 -0.313 2.795
0.049 0.783 0.694
-0.114 0.676 0.852
-1.661 -0.022 0.482
-1.849 -0.032 0.611
-1.843 0.060 0.435
0.594 1.046 1.999
0.496 1.102 1.771
0.368 1.003 1.961
-0.459 0.688 1.465
-0.505 0.608 1.262
-1.097 0.052 0.631
-1.008 0.084 0.908
-0.766 0.855 0.557
-0.590 0.762 0.425
-0.251 -0.170 2.693
-0.010 -0.265 2.634
-0.206 -0.207 2.457
-0.091 -0.076 0.895
-0.321 -0.131 0.895
-1.041 -0.143 2.528
-1.231 -0.061 2.701
-2.596 0.914 1.614
-0.291 -0.183 1.279
-0.247 -0.284 1.450
-0.219 0.185 0.702
-0.103 0.088 0.571
-0.131 0.283 0.532
-1.047 -0.384 2.089
-0.956 -0.370 2.363
-1.197 -0.321 2.319
-0.616 0.143 1.859
-1.229 0.753 1.300
0.256 -0.220 2.691
0.097 -0.258 2.891
0.570 -0.316 2.295
0.579 -0.343 2.520
0.425 -0.399 2.397
-0.157 -0.383 2.594
0.077 0.182 0.548
0.879 0.152 0.455
0.843 0.400 0.396
-3.327 -0.129 1.835
-3.106 -0.164 1.768
-2.672 -0.150 1.823
-2.898 -0.150 1.962
-2.877 -0.185 1.681
-3.004 -0.148 2.213
-2.781 -0.150 2.197
-1.215 -0.327 1.890
-1.296 -0.294 2.109
-1.431 -0.242 1.927
0.809 1.079 2.040
0.944 1.165 1.872
0.728 1.110 1.809
0.840 0.036 0.756
0.910 0.100 0.978
0.666 -0.025 0.926
-2.503 0.424 3.307
-2.561 0.477 3.086
-2.720 0.510 3.258
0.700 0.493 2.496
0.605 0.588 2.318
0.514 0.453 2.407
-0.108 0.690 1.601
-0.025 0.686 1.336
-0.261 0.784 1.459
-3.062 -0.144 2.878
1.160 1.235 1.256
-0.448 0.296 3.185
-0.598 0.362 3.028
-0.374 0.398 2.993
-2.514 0.025 2.155
-2.765 0.045 2.148
-2.655 0.011 2.367
-0.147 -0.276 2.959
-0.265 -0.312 2.807
-1.664 0.653 2.322
-1.888 0.625 2.363
0.465 0.379 0.562
0.531 0.562 0.586
-3.058 -0.060 1.553
-2.878 -0.142 1.446
-2.148 0.514 0.395
-1.978 0.468 0.530
-1.958 0.374 0.339
-1.782 0.101 1.083
-2.383 0.331 0.528
-2.352 0.413 0.341
1.040 0.847 2.325
-1.388 0.271 3.252
-1.498 0.268 3.412
-1.286 0.183 3.425
-2.093 -0.127 1.196
-2.273 -0.005 1.065
1.549 0.886 2.080
1.574 1.083 2.040
1.481 1.060 2.268
1.541 0.785 2.316
1.456 0.663 2.107
-2.504 0.538 0.531
-1.979 0.654 2.849
-2.249 0.728 2.829
1.367 0.480 1.209
1.378 0.381 1.373
1.218 0.363 1.208
0.332 0.719 2.975
0.144 0.662 3.016
-0.628 0.407 1.460
-0.476 0.525 1.456
-1.504 0.797 1.667
1.268 0.094 0.487
0.695 0.997 2.217
0.014 0.479 1.598
-0.113 0.527 1.423
0.603 0.279 3.023
0.344 0.310 3.020
-0.187 -0.303 1.675
-0.164 -0.279 1.915
0.129 0.952 1.928
1.295 0.481 2.141
1.443 0.551 2.334
1.292 0.357 2.350
-2.524 0.869 1.367
-2.457 1.118 1.478
-1.944 0.628 0.387
-1.800 0.638 0.605
-0.326 -0.090 3.162
-0.288 -0.168 2.932
-0.517 -0.111 3.018
-0.575 0.136 0.395
0.851 0.381 1.356
0.897 0.220 1.158
-2.500 0.329 0.695
-0.372 -0.290 2.046
-0.375 -0.292 1.802
0.943 0.498 2.897
0.869 0.593 2.649
-0.798 0.268 3.032
-0.970 0.320 2.900
-2.316 0.438 0.610
1.407 0.900 1.149
1.240 0.974 0.963
-0.824 -0.168 0.684
-1.710 -0.148 2.202
-1.766 -0.158 2.438
-1.939 -0.209 2.267
-1.422 -0.101 1.793
-1.418 0.013 1.596
-1.628 -0.024 1.725
-0.826 0.120 0.394
-0.147 0.132 2.259
0.035 0.242 2.254
-0.059 0.101 2.474
1.540 0.651 2.554
0.143 0.415 0.637
0.125 0.193 0.581
0.082 0.281 0.783
0.258 1.076 1.734
-2.009 0.108 1.172
0.794 1.004 1.618
1.017 1.080 1.721
0.909 0.930 1.854
-1.807 0.816 0.472
-1.582 0.840 0.438
-1.696 0.690 0.310
1.135 0.974 1.454
0.950 1.031 1.337
1.118 1.076 1.226
-0.862 0.467 0.477
-0.174 -0.139 3.817
-0.242 -0.128 3.548
-0.003 -0.138 3.608
0.246 -0.005 2.481
0.192 0.206 2.436
0.058 0.020 2.309
-1.628 0.392 2.945
-1.730 0.474 3.152
-1.570 0.323 3.195
1.187 0.190 3.409
0.917 0.201 3.458
0.106 -0.077 2.077
0.221 -0.131 2.255
-0.728 0.492 2.257
0.168 0.376 3.493
0.012 0.192 3.575
-0.057 0.335 3.355
-1.237 0.760 2.335
-1.346 0.699 2.501
-1.161 0.645 2.540
-1.619 0.471 0.196
-1.691 0.205 0.331
0.899 0.815 0.718
0.713 0.878 0.766
0.698 0.771 0.588
0.392 0.770 2.164
-2.853 -0.179 2.717
-3.080 -0.137 2.631
-2.873 -0.143 2.443
-2.283 0.432 0.399
-1.802 0.530 2.961
-2.032 0.048 0.507
-0.092 -0.158 2.835
-3.095 -0.155 2.415
0.910 0.430 2.527
0.766 0.838 2.281
0.872 1.062 2.241
0.834 0.932 2.440
0.779 0.650 0.420
0.555 0.695 0.466
0.023 0.794 1.667
-0.126 0.908 1.544
0.113 0.914 1.493
-0.706 0.618 2.640
-0.849 0.554 2.817
-0.309 -0.441 2.365
0.532 0.004 2.656
0.470 0.007 2.860
0.360 -0.158 2.697
0.124 0.134 2.668
0.348 0.162 2.616
1.019 0.298 3.291
0.979 0.369 3.100
1.204 0.296 3.161
1.195 0.824 2.114
-0.071 -0.232 3.389
-0.208 0.350 1.776
-0.431 0.376 1.970
-2.569 -0.166 2.182
-2.684 -0.139 2.027
-2.498 -0.134 1.972
-1.403 0.349 3.059
-1.427 0.419 2.856
0.301 0.062 0.566
0.518 0.045 0.701
0.477 0.203 0.513
0.863 1.218 1.628
-1.231 -0.030 1.045
0.494 -0.145 2.733
0.612 0.349 1.988
0.740 0.539 1.941
0.786 0.330 1.858
-2.416 0.030 2.390
-0.496 0.543 2.946
-0.315 0.518 3.099
-0.263 0.599 2.832
-1.816 0.577 0.223
-0.483 -0.171 2.778
-2.276 -0.168 1.911
-2.041 -0.171 1.851
-2.110 -0.200 2.086
-0.980 0.494 2.295
-1.078 0.429 2.523
-1.243 0.542 2.349
-2.026 0.873 0.419
-1.893 0.755 0.266
0.885 0.501 1.763
0.705 0.664 1.760
0.786 0.562 1.564
-2.183 -0.219 2.326
-2.436 -0.167 2.396
-2.346 -0.176 2.144
-1.918 0.761 1.441
-1.913 0.655 1.685
-2.115 0.633 1.515
0.658 0.755 1.967
0.724 0.717 2.181
0.183 0.671 1.785
-0.055 0.675 1.834
0.543 1.179 1.337
0.664 1.237 1.125
-2.075 0.157 2.896
-2.071 0.297 2.710
-1.906 0.255 2.551
-2.114 0.312 2.485
-1.956 0.319 2.372
-2.266 0.399 2.632
-2.319 0.364 2.411
-2.154 0.509 0.590
-2.324 0.624 0.593
1.059 -0.013 0.816
0.929 -0.124 1.007
-0.640 0.181 3.153
0.353 -0.202 1.241
0.539 -0.125 1.107
0.338 -0.194 1.000
-0.522 -0.207 3.237
-0.577 -0.286 3.040
-0.347 -0.292 3.054
-0.054 0.893 1.329
-0.277 0.934 1.386
-0.215 0.957 1.176
-0.420 -0.157 3.711
-1.685 0.957 0.616
-1.454 0.953 0.611
-0.381 -0.177 3.861
-0.621 -0.185 3.925
0.082 0.350 2.681
0.067 -0.455 1.709
-0.046 -0.451 1.542
0.144 -0.453 1.488
0.593 0.351 0.841
0.413 0.195 0.794
0.563 0.115 0.939
-0.186 -0.463 1.717
-1.393 0.111 1.366
-1.370 0.145 1.122
-1.595 0.179 1.226
-0.724 -0.050 3.117
-0.895 -0.064 3.259
-1.209 -0.083 1.448
-1.541 0.200 2.409
-1.482 0.421 2.298
-1.363 0.378 2.567
-0.823 0.429 2.474
-0.910 0.401 2.696
-0.292 -0.102 1.482
-0.523 -0.043 1.485
-0.076 -0.039 1.487
-0.193 -0.115 1.699
0.244 0.068 0.768
0.384 -0.039 0.935
0.422 -0.138 0.697
0.642 -0.101 0.644
0.578 -0.194 0.812
0.553 -0.110 1.353
0.386 -0.226 1.481
0.562 -0.111 1.596
0.762 -0.140 1.472
-2.418 0.969 0.477
-2.220 0.829 0.475
-2.432 0.755 0.415
0.206 -0.219 3.685
0.325 0.007 3.399
0.828 1.092 1.366
-0.279 -0.053 2.355
-0.560 -0.074 2.351
-0.426 -0.129 2.129
-1.353 0.146 3.871
-1.079 -0.115 3.997
-1.187 0.064 3.668
-1.279 -0.118 1.662
0.364 1.032 0.747
0.108 1.033 0.772
0.250 1.176 1.000
-1.408 0.218 3.633
0.244 0.573 3.442
0.078 0.614 3.249
0.019 0.506 3.456
0.519 0.376 3.832
0.274 0.420 3.837
0.424 0.352 4.051
-0.876 0.734 0.727
-0.994 0.657 0.545
-1.517 0.222 2.846
-1.668 0.295 2.651
-1.443 0.130 2.640
-0.705 -0.287 0.865
-0.831 -0.323 1.065
-0.011 0.115 3.124
-2.528 -0.019 1.144
0.892 0.356 2.314
1.093 0.227 2.398
-2.662 0.145 0.844
-0.785 0.281 3.506
-1.175 -0.296 1.268
0.409 1.017 1.293
0.283 0.993 1.075
-2.106 0.804 0.198
0.576 0.190 2.283
0.486 0.164 2.069
0.343 0.215 2.270
-0.013 0.321 1.645
-3.090 0.023 1.213
-2.944 0.170 1.297
-2.936 0.089 1.089
1.057 0.288 3.568
1.169 0.107 3.754
1.293 0.272 3.550
0.386 0.514 3.650
0.621 0.446 3.631
0.193 0.135 1.437
0.359 0.239 1.615
-2.026 0.276 3.349
1.062 0.472 0.840
1.256 0.566 0.865
-1.652 -0.180 1.317
-1.410 -0.246 1.287
0.095 0.367 1.385
1.227 0.467 0.649
-0.366 0.597 0.766
-0.288 0.792 0.862
-0.493 0.811 0.866
-0.642 0.655 0.756
-0.755 0.658 0.545
-0.990 -0.056 2.780
-1.174 -0.089 2.951
1.467 0.558 0.739
-2.516 -0.109 1.354
-2.326 -0.111 1.278
-2.381 -0.127 1.507
-0.129 0.914 1.902
0.279 -0.115 1.517
0.338 -0.004 1.329
-0.287 0.403 2.781
-1.818 -0.041 2.738
-1.720 -0.079 2.946
-1.613 0.058 2.812
0.804 0.018 3.677
0.664 0.097 3.759
-2.258 0.013 2.188
-2.359 0.030 1.906
-0.657 0.021 2.522
1.436 0.260 2.781
-0.465 -0.055 2.573
1.249 -0.127 3.125
1.236 -0.011 2.969
1.427 -0.093 3.006
-2.077 0.017 1.988
-2.001 0.003 2.249
0.381 -0.074 1.716
0.258 -0.132 1.897
0.164 -0.094 1.706
1.229 0.203 1.394
1.001 0.335 1.357
1.043 0.193 1.198
0.420 0.669 1.038
1.028 0.384 1.173
0.855 0.326 1.222
-1.365 0.791 0.456
-1.176 0.761 0.423
-0.662 0.254 2.847
-0.867 0.164 2.809
-0.666 0.005 2.756
0.770 0.321 2.636
0.532 0.356 2.568
0.612 0.429 2.785
-2.937 0.148 1.741
-3.031 0.007 1.827
-3.057 0.187 1.947
-1.755 0.347 2.403
-1.659 0.276 2.188
-1.433 0.291 0.270
-1.497 0.637 0.355
0.707 0.351 3.246
0.866 0.193 3.304
0.845 0.248 3.094
-2.525 0.139 1.702
-2.735 0.245 1.753
-2.628 0.097 1.932
1.328 -0.012 2.760
0.878 0.216 2.498
0.874 0.166 2.723
0.665 0.205 2.600
-2.749 0.023 1.597
-2.825 -0.045 1.818
-1.875 0.174 2.763
-1.716 0.233 2.871
-1.857 0.131 2.989
-1.411 0.119 3.198
-1.744 -0.265 3.302
-2.023 -0.239 3.248
1.162 0.583 1.486
1.022 0.542 1.622
1.037 0.742 1.498
0.686 0.347 2.436
-1.701 0.471 0.387
-1.646 0.593 1.983
-1.417 0.631 2.127
-1.567 0.435 2.087
-1.036 0.092 0.389
-1.219 0.165 0.310
-0.984 0.312 0.301
0.596 -0.133 2.067
0.449 -0.215 2.142
-1.129 0.499 1.672
-1.276 0.521 1.885
-1.927 0.162 0.739
-0.575 0.357 2.033
-0.622 0.184 2.034
-0.433 0.194 2.075
0.629 -0.283 0.987
-0.070 0.399 2.240
0.173 0.381 2.244
0.053 0.274 2.066
-2.487 0.066 1.450
-2.562 0.185 1.213
0.744 0.178 1.711
0.561 0.236 1.716
0.330 0.420 0.800
0.254 0.620 0.855
0.305 0.553 0.579
0.268 0.251 0.679
-0.984 0.080 3.211
-0.810 0.103 3.126
0.679 0.280 1.313
-2.822 0.329 3.151
-2.680 0.133 3.100
-2.871 0.152 3.264
-2.578 0.195 3.337
-0.121 1.107 1.225
-0.062 1.136 0.992
-0.260 1.115 1.126
-2.665 0.369 2.637
-2.461 0.280 2.681
-2.589 0.350 2.816
-2.714 0.300 2.949
-2.784 0.509 3.028
-2.625 0.608 2.900
-2.453 0.616 2.739
-2.684 0.602 2.670
0.947 0.397 1.565
1.105 0.247 1.605
0.950 0.280 1.752
1.474 0.566 1.340
-2.708 0.507 2.431
-2.517 0.645 2.517
-0.284 0.158 0.414
-0.177 0.883 0.549
-2.476 0.469 2.552
-2.641 0.565 2.202
-0.949 0.116 2.988
0.446 0.498 2.958
0.454 0.287 2.835
-0.129 1.002 0.754
-0.918 0.630 1.726
-1.016 0.458 1.882
1.326 -0.158 3.327
1.457 0.826 1.842
1.367 0.613 1.742
1.371 0.824 1.647
-1.132 0.550 2.098
0.297 0.013 2.946
0.104 -0.073 2.820
0.284 -0.145 2.952
0.428 -0.066 3.091
0.298 0.058 3.203
0.149 0.062 3.422
0.410 0.017 3.468
0.833 0.420 2.052
0.964 0.346 1.923
1.008 0.522 1.956
1.160 0.374 1.818
-1.659 0.025 1.454
-1.835 0.178 1.317
-1.895 0.094 1.506
0.939 0.404 0.713
-1.780 0.167 1.669
-2.022 0.281 1.605
-1.959 0.206 1.854
-2.068 0.136 1.403
0.407 0.428 3.415
0.516 0.267 3.320
1.065 0.018 3.075
0.489 0.422 3.175
0.665 0.397 3.023
0.703 0.133 0.565
0.634 0.321 0.484
-2.102 0.491 1.122
-2.233 0.346 1.020
0.875 0.778 0.810
0.836 0.731 1.062
1.081 0.781 0.975
1.056 0.919 0.815
1.078 1.039 0.994
-1.609 0.336 3.594
-1.767 0.317 3.756
-1.566 0.262 3.816
0.856 0.995 0.887
-1.881 -0.128 2.032
-0.785 0.733 1.540
-2.319 0.954 1.337
-2.313 0.830 1.561
-0.543 0.303 2.204
-0.302 0.323 2.208
-1.974 -0.127 1.616
-1.804 -0.137 1.796
-2.148 -0.128 1.440
-2.211 -0.142 1.677
0.877 0.041 1.815
0.766 -0.150 1.712
0.785 -0.119 1.947
-1.904 -0.144 1.370
0.790 0.088 2.059
0.791 -0.115 2.196
-1.968 0.983 1.346
-2.146 0.806 1.329
-2.165 1.031 1.156
-2.390 0.831 1.134
-2.293 0.975 0.959
-1.973 0.833 1.145
-2.169 0.806 1.006
-1.979 0.865 0.938
1.487 0.757 2.786
1.540 0.504 2.788
-2.283 0.571 1.674
-2.085 0.514 1.678
-2.502 0.692 1.727
0.116 -0.127 2.598
0.301 -0.142 2.454
-2.148 0.984 0.556
-2.291 1.143 0.586
-2.143 1.061 0.763
0.839 0.127 2.979
0.328 0.185 3.289
0.184 0.246 2.850
0.178 0.180 3.082
0.363 0.194 2.885
0.036 0.318 2.432
-2.208 1.045 0.324
0.586 0.433 1.321
0.319 0.262 1.283
0.187 -0.142 3.377
-0.142 -0.079 3.300
-0.060 -0.127 3.070
-0.404 -0.035 3.365
-1.363 0.073 0.936
-1.245 -0.041 0.814
-1.344 0.032 0.604
-0.054 0.157 1.440
0.066 0.170 1.642
-0.224 0.410 1.388
-0.878 0.124 1.491
-0.821 0.335 1.424
-1.021 -0.071 1.857
-0.871 -0.122 2.036
-0.669 0.521 1.242
1.282 0.771 2.636
0.279 0.262 2.054
-2.362 0.804 2.612
0.349 -0.173 2.926
0.631 -0.130 2.979
0.254 0.869 1.677
0.426 0.747 1.782
-0.592 -0.279 2.154
-1.176 0.329 3.204
-2.470 0.506 2.331
0.015 1.013 1.682
0.162 1.125 1.490
0.612 0.478 0.381
1.405 0.672 0.911
1.390 0.788 0.760
1.429 0.852 0.962
1.257 0.785 0.832
-2.913 0.054 3.046
-0.020 -0.230 1.520
0.402 1.131 1.531
-0.720 0.992 0.753
-0.549 0.894 0.629
0.687 -0.353 1.817
-1.133 -0.346 1.672
-0.886 -0.404 1.653
-1.028 -0.400 1.844
-0.727 -0.375 1.273
-0.464 -0.413 1.313
-0.666 -0.412 1.504
0.852 0.654 2.067
0.642 0.543 2.123
-0.954 -0.069 2.258
-0.753 -0.058 2.177
-0.999 0.100 2.095
1.498 0.706 1.526
1.241 0.518 1.058
0.638 1.153 1.571
-0.945 0.965 0.681
-1.036 0.808 1.797
1.536 1.011 0.795
1.417 1.041 0.983
-0.296 1.015 0.943
-0.509 1.077 1.141
-0.973 -0.206 3.057
-1.517 0.950 1.942
-0.343 0.680 1.628
-0.434 0.824 1.576
-3.305 -0.077 1.405
-3.063 -0.121 1.368
-3.250 0.027 1.658
-2.231 1.024 1.618
-2.239 0.856 2.107
-1.558 -0.026 2.352
-1.793 0.139 2.340
-1.695 0.094 2.582
-1.479 -0.045 2.630
0.032 0.113 3.319
-0.040 0.288 3.186
-2.472 0.820 0.614
-2.122 0.866 0.783
-1.885 0.828 0.757
-0.546 -0.046 3.252
-1.971 0.380 0.718
-2.177 -0.038 2.442
-2.347 0.009 2.631
-2.085 -0.073 2.723
-1.422 0.700 1.136
-1.415 0.624 0.884
-0.109 0.177 3.974
0.117 0.349 4.035
0.044 0.349 3.796
1.320 0.851 2.034
1.255 0.637 1.963
1.223 0.827 1.816
-1.306 -0.251 1.063
-0.393 0.908 1.915
-0.492 0.813 2.135
-1.429 1.070 1.461
-1.463 1.103 1.202
0.451 -0.398 1.872
0.527 -0.390 1.624
0.300 -0.458 1.672
-1.804 1.056 1.688
1.422 0.648 1.142
-1.407 -0.037 2.876
-2.446 0.332 1.193
-2.057 -0.067 3.224
-2.029 -0.080 3.459
-0.741 0.840 0.897
-1.022 0.846 0.919
0.696 -0.030 2.760
0.580 -0.150 3.191
0.419 -0.095 3.154
-1.148 0.362 2.748
0.656 0.864 1.804
-0.519 0.550 1.824
-0.425 -0.201 1.115
-0.711 0.099 0.883
-0.523 -0.245 1.395
-0.793 -0.151 1.331
-1.948 0.286 3.632
-2.606 0.671 1.981
-1.968 0.078 3.455
-1.789 0.250 3.440
0.629 0.279 3.540
-0.031 0.017 3.961
-0.333 -0.061 3.939
-1.103 0.151 2.818
0.375 0.183 0.613
-0.007 0.656 2.820
-1.516 0.611 2.512
-0.939 -0.075 3.026
0.312 1.178 1.290
0.458 1.174 1.139
-1.096 0.778 2.093
0.927 0.531 0.710
-0.540 0.371 1.280
0.526 0.757 2.331
0.305 0.697 2.352
1.016 -0.154 1.935
0.898 -0.268 1.763
-2.583 -0.191 3.087
0.977 0.210 0.810
-1.119 -0.327 2.563
-1.357 -0.232 2.506
-0.392 0.420 3.344
-0.149 0.522 3.286
-0.251 -0.010 2.595
-0.585 0.062 2.152
0.402 0.849 0.902
0.124 0.792 0.953
0.327 0.437 2.471
0.482 0.343 2.341
0.479 0.308 2.556
-0.476 0.360 0.296
-0.015 0.022 0.463
-0.222 -0.039 0.691
-0.782 -0.410 2.175
-0.549 -0.435 2.253
-0.372 -0.489 2.098
-2.661 -0.170 2.358
-2.126 1.144 0.992
-1.948 1.099 1.097
0.355 0.477 2.713
0.471 0.830 2.552
-1.635 0.794 0.732
0.196 -0.208 3.110
-0.614 0.093 0.675
-0.392 0.230 2.861
-0.569 0.087 2.968
-0.898 0.378 3.267
1.168 -0.116 3.663
1.153 -0.024 3.488
0.970 -0.016 3.617
-2.064 0.718 2.226
-1.068 -0.256 3.743
-1.146 -0.245 3.500
1.306 0.191 2.550
1.080 0.070 2.597
0.079 1.135 1.238
1.420 1.011 1.713
-0.295 1.100 1.342
-1.414 0.254 0.695
-1.645 0.324 0.613
-1.578 0.087 0.605
1.021 0.583 0.420
-2.922 -0.129 1.234
0.734 0.407 1.043
0.728 0.511 1.259
-1.543 0.654 0.537
-0.152 0.024 3.002
-0.386 0.078 3.098
-0.370 -0.006 2.828
-0.091 0.021 2.748
-2.326 0.471 3.152
-2.166 0.612 3.040
-2.399 0.599 2.970
-0.208 -0.240 0.768
0.000 -0.170 0.655
0.056 -0.098 3.826
-0.377 0.768 0.527
-0.417 0.612 0.338
0.668 -0.301 1.192
0.419 0.268 1.866
-0.010 -0.261 2.395
-0.430 0.108 0.838
0.835 0.340 3.596
0.949 0.148 3.798
1.306 -0.091 3.772
0.520 1.139 0.934
-0.437 0.920 1.240
0.122 -0.159 0.914
0.058 -0.053 0.668
-2.468 1.008 0.706
-2.512 0.993 0.952
-2.350 1.209 0.863
-2.375 0.790 0.829
-0.785 1.049 1.139
-0.683 1.057 0.956
-1.248 0.604 0.779
-1.386 0.756 0.697
-0.920 -0.219 1.670
-2.424 0.210 1.020
1.166 0.404 3.338
0.213 -0.467 1.915
-0.150 0.560 1.996
-0.028 0.597 2.182
-1.038 0.962 1.139
-0.391 -0.271 2.300
-0.127 0.666 2.639
0.410 -0.046 3.312
0.678 0.136 0.766
0.146 -0.264 1.128
-1.549 -0.191 1.082
-2.342 1.207 1.266
-2.263 1.257 1.087
0.751 -0.332 1.576
0.192 -0.431 1.247
0.446 -0.377 1.154
0.372 -0.435 1.426
-0.753 -0.156 1.564
-1.443 -0.195 0.832
0.598 -0.363 1.384
-1.667 -0.156 0.906
-0.033 -0.391 2.367
0.313 -0.121 3.451
1.006 0.029 3.363
0.814 0.092 3.461
1.376 -0.076 1.158
-1.582 -0.180 2.578
-1.553 -0.216 2.358
-1.422 0.071 3.430
0.711 0.048 0.520
-2.107 -0.091 3.644
0.657 0.837 2.628
-1.553 0.015 3.011
-2.643 -0.157 2.568
1.014 0.055 2.287
0.748 0.212 1.030
-0.179 0.408 3.500
0.155 0.475 3.637
-0.020 0.398 3.614
-0.773 0.086 2.026
0.817 0.178 2.305
1.057 0.409 0.888
0.904 0.407 1.042
-0.089 0.609 3.051
-1.588 -0.234 1.746
-1.423 -0.084 3.801
-1.597 -0.037 3.695
-0.090 -0.052 1.919
0.141 0.088 1.897
-0.035 0.107 2.086
-1.244 -0.064 4.000
-2.343 0.404 2.224
-2.302 -0.015 2.880
-2.084 -0.072 2.990
-0.283 0.606 1.813
-1.021 0.090 2.688
-0.933 0.235 2.693
0.193 0.332 1.603
-1.445 -0.199 2.706
0.981 -0.156 2.187
-1.112 1.044 0.864
-0.877 0.995 0.924
0.617 0.698 1.173
0.629 0.757 0.924
-2.733 0.300 3.366
-2.649 0.481 3.484
-0.338 0.912 0.717
-1.917 -0.099 2.896
-0.941 -0.048 0.512
1.402 0.695 0.544
-0.604 -0.101 1.916
-2.265 -0.049 3.114
-0.846 0.781 1.131
-1.461 0.703 1.872
-0.525 0.625 0.550
-0.335 -0.051 1.901
-0.250 0.049 2.099
0.292 -0.021 2.709
0.574 -0.272 3.341
-2.358 0.073 3.254
-2.183 0.068 3.297
-2.185 0.462 0.745
-2.152 0.335 0.581
-2.129 0.374 2.251
1.107 0.986 0.629
1.280 1.103 0.800
1.351 0.943 0.592
1.181 0.765 0.510
-1.921 -0.012 2.505
1.145 0.734 1.700
0.668 0.334 2.199
0.191 0.868 1.272
0.062 0.508 2.923
0.145 0.558 2.731
0.272 0.583 2.909
-1.203 -0.200 2.975
-1.265 -0.243 2.744
-1.790 0.498 2.757
-1.730 0.539 2.526
-1.940 0.604 2.589
-0.592 -0.355 1.077
1.051 0.200 2.963
1.189 0.411 2.939
0.455 0.428 0.493
0.668 0.532 0.519
-1.661 -0.214 1.977
-0.507 0.125 3.331
0.672 0.238 2.808
-1.029 -0.256 2.801
-3.175 0.134 1.917
-0.533 0.222 2.625
-0.180 0.094 3.233
-0.691 1.068 1.328
-0.515 1.051 1.453
-0.798 0.889 1.757
0.897 -0.083 0.598
1.061 0.064 0.502
0.043 0.620 0.540
1.332 0.136 0.970
0.430 0.376 2.129
-1.192 0.102 3.050
-2.568 -0.024 2.786
-2.550 0.008 2.553
1.077 0.910 2.573
-1.042 0.229 3.473
-0.196 0.420 2.570
-0.434 0.417 2.609
0.443 0.674 0.591
0.523 0.900 0.705
0.275 0.856 0.710
1.134 -0.179 1.092
1.068 0.042 2.847
-1.966 0.192 0.335
0.905 -0.025 3.191
-0.495 -0.351 2.844
-0.560 0.711 1.611
-0.478 0.523 1.621
-0.435 -0.257 2.548
-0.618 -0.237 2.387
-1.278 1.057 1.056
-1.353 1.009 0.827
1.430 0.489 0.540
1.252 0.530 0.462
0.124 0.450 1.205
0.818 -0.006 1.404
0.691 0.196 3.355
0.066 0.724 2.598
-0.181 0.259 2.401
-0.439 -0.306 0.867
0.300 0.708 1.977
-1.476 1.092 0.983
-1.733 -0.162 1.560
0.526 0.189 2.691
0.435 0.193 2.479
0.883 -0.204 2.410
1.055 0.283 2.689
0.379 0.544 2.286
0.506 0.598 2.063
0.146 0.193 1.150
-2.430 1.027 1.258
-2.476 -0.016 3.038
-0.636 -0.435 1.757
-0.432 -0.450 1.599
-0.650 -0.148 2.603
-0.597 -0.459 2.010
-0.717 -0.393 2.417
-0.412 0.273 2.411
-0.760 -0.291 2.879
-0.724 0.328 0.337
1.038 -0.086 4.027
-2.703 -0.037 3.013
-0.867 -0.328 2.608
1.491 1.190 1.362
1.527 1.179 1.584
0.216 -0.249 0.760
0.220 -0.078 0.553
-1.809 0.561 1.861
-1.678 0.683 1.774
0.185 0.681 2.169
-0.139 -0.215 2.190
-0.409 -0.474 1.854
-0.228 -0.453 1.452
-2.327 1.072 1.089
-0.439 0.187 0.582
0.060 -0.254 2.008
0.119 -0.273 2.237
-1.655 -0.111 0.703
-1.453 -0.120 0.574
0.258 -0.324 3.037
0.379 -0.347 2.859
0.575 -0.334 2.769
-3.198 0.090 1.365
-1.104 0.068 3.890
-0.314 0.379 0.651
0.777 0.625 3.159
1.029 0.545 3.143
1.122 0.166 0.835
0.381 0.436 3.339
0.568 0.384 3.391
0.420 0.361 3.589
-0.641 0.546 0.334
0.829 0.418 0.864
1.439 0.333 0.661
1.276 0.334 0.843
1.232 0.263 0.633
1.135 0.275 1.056
-1.765 0.366 1.965
-1.232 -0.100 3.513
-1.024 -0.126 3.661
-1.250 -0.088 3.745
0.107 0.584 1.532
0.170 -0.287 1.373
-1.784 -0.202 2.673
0.009 0.100 1.058
1.482 0.907 2.543
1.264 0.915 2.396
1.358 1.279 1.214
1.450 1.218 0.981
1.050 1.033 2.335
1.227 1.056 2.163
1.009 1.128 2.109
-2.793 -0.022 3.190
0.675 0.667 0.699
0.469 0.633 0.780
0.043 0.116 3.782
0.460 0.108 3.437
1.041 0.139 3.189
0.498 -0.039 1.149
0.186 0.261 3.717
0.354 0.256 3.814
-1.069 0.584 1.291
-0.429 -0.083 1.691
0.594 0.653 2.686
0.689 0.653 2.455
0.441 0.176 3.969
0.188 0.136 3.989
-2.007 -0.252 2.536
0.761 -0.169 3.161
0.933 -0.192 3.289
-1.890 0.178 2.096
-1.694 0.030 2.129
0.942 0.821 0.515
-1.498 -0.007 2.128
-0.229 0.472 1.646
-0.310 0.540 1.516
-2.495 0.236 0.839
-0.969 0.572 1.498
-0.952 0.784 1.366
0.492 0.674 2.901
0.376 0.587 3.123
-1.443 0.073 0.404
1.254 0.523 3.102
0.934 0.462 3.376
0.704 0.501 3.406
1.125 0.041 1.081
0.773 -0.237 2.910
-0.965 0.234 2.501
0.211 0.707 0.589
0.902 0.618 0.608
-0.279 0.605 1.319
-2.850 0.220 0.936
0.279 0.342 0.527
0.568 0.363 2.704
0.473 0.908 0.538
-1.938 1.046 0.893
-0.613 -0.004 1.695
0.310 -0.055 0.795
1.155 0.719 0.703
-2.247 -0.211 2.533
-0.971 -0.188 1.483
-0.370 -0.234 1.603
0.776 0.347 3.282
1.097 0.302 0.441
-1.497 -0.199 2.140
-0.989 0.824 0.469
-2.709 -0.107 1.300
-2.639 -0.144 1.550
1.168 1.190 1.940
-0.588 0.819 1.094
0.521 -0.075 2.485
0.412 0.002 2.292
-1.346 0.587 2.710
0.272 0.129 2.802
-0.157 0.292 3.705
-0.579 0.745 2.306
1.047 0.753 1.964
0.604 0.003 3.298
0.778 -0.042 0.778
0.711 -0.118 0.992
0.942 0.100 0.613
0.622 0.222 4.024
0.818 0.076 4.001
0.740 0.274 3.818
0.168 0.476 3.261
0.181 0.505 3.065
-1.668 0.409 3.374
-0.543 0.685 2.496
1.419 1.024 1.944
-0.118 0.517 1.194
-0.331 0.432 1.126
0.946 0.545 1.206
1.058 0.719 1.307
0.819 0.722 1.315
-1.729 0.117 1.907
-1.247 0.199 2.677
1.357 0.319 0.449
1.447 0.411 2.555
-0.384 -0.383 1.086
-0.159 0.363 2.015
1.311 0.343 1.598
1.196 0.505 1.642
-2.665 0.240 1.520
-2.730 0.108 1.341
-0.584 0.491 2.446
0.112 -0.137 2.410
0.961 0.938 2.102
1.181 1.052 1.927
0.894 0.733 2.449
0.669 0.088 2.313
-0.746 -0.142 2.858
-0.844 -0.106 2.638
-0.829 -0.418 1.921
-0.183 0.201 3.515
0.352 0.678 2.714
0.230 0.599 2.536
0.453 0.624 2.505
-0.642 0.882 1.955
-1.876 0.396 2.203
0.697 0.555 2.870
-0.886 0.705 2.185
-0.352 0.831 1.047
-2.620 0.386 1.005
-0.208 0.810 1.733
-0.299 0.242 3.351
0.535 -0.154 0.861
0.496 0.047 0.740
-0.351 0.868 1.573
0.577 -0.103 1.835
0.859 0.346 0.528
0.738 0.048 1.175
-1.567 0.467 2.699
-0.219 -0.408 1.213
-1.930 0.981 0.637
-0.209 -0.342 0.984
-1.701 0.742 1.549
-0.498 0.616 2.720
0.853 0.111 3.590
-1.579 1.051 0.804
-2.459 0.610 0.282
-2.279 0.658 0.380
-2.336 0.811 0.263
0.583 0.026 1.371
0.908 0.625 0.556
1.107 0.464 0.565
0.027 0.990 1.126
-2.856 0.164 1.471
0.945 -0.069 1.595
0.688 0.020 1.624
-0.657 0.587 2.842
-2.235 0.591 0.209
-1.199 0.880 0.635
-1.767 0.972 0.809
-0.026 -0.440 1.339
-0.120 -0.255 3.153
0.764 -0.161 3.412
0.843 0.336 2.869
-2.193 -0.243 2.744
-0.298 -0.220 3.315
0.479 0.553 3.434
0.341 -0.067 2.086
0.417 0.034 1.901
0.500 0.076 1.731
0.436 0.051 1.548
-2.795 0.263 1.172
0.527 -0.298 3.052
0.030 0.488 2.546
-0.065 0.468 2.750
0.107 -0.027 1.531
-0.009 0.023 1.695
-0.332 0.174 3.796
-0.373 0.307 3.593
-0.561 0.316 3.487
-0.072 1.071 1.434
-0.566 0.988 1.719
-1.406 0.171 3.003
-1.321 0.116 2.835
0.119 0.555 2.348
-0.113 0.519 2.379
1.248 0.743 1.396
1.175 0.881 1.258
1.196 0.502 1.278
0.665 0.034 3.529
1.126 0.410 1.475
0.963 0.577 1.387
-1.357 -0.025 3.141
-2.849 0.175 1.960
-0.282 1.035 1.644
-0.968 -0.227 3.874
-1.933 -0.185 3.485
0.278 -0.276 2.081
-2.331 -0.127 3.493
-2.193 0.070 3.508
-2.251 -0.067 3.335
-2.413 -0.041 3.225
0.770 -0.086 2.408
0.703 0.042 2.556
-0.646 0.241 2.401
-2.764 0.450 2.812
0.419 -0.284 0.893
-1.570 -0.047 1.951
-0.007 -0.395 1.104
0.640 0.070 1.869
0.554 0.013 2.087
1.329 0.550 1.505
-0.851 0.761 1.976
-0.516 0.995 0.855
0.311 0.320 3.423
-0.761 0.492 1.846
-2.333 0.419 1.070
-2.052 0.431 0.909
1.037 0.271 0.626
0.566 -0.133 2.314
0.658 -0.155 2.560
0.966 0.907 1.185
-0.872 0.522 2.067
-0.784 0.281 2.611
-1.755 0.935 1.439
0.263 0.359 2.471
0.302 0.243 2.674
1.340 1.194 1.757
1.557 1.151 1.838
-1.362 -0.044 1.994
-0.783 -0.120 3.678
-2.310 -0.222 3.222
0.090 0.590 1.986
1.112 0.619 1.780
0.907 0.719 1.687
1.010 0.893 1.812
-0.704 0.767 2.159
-0.302 0.110 3.953
-1.377 -0.246 2.286
0.707 -0.253 2.416
-2.147 -0.211 3.431
-0.793 -0.233 2.249
-0.956 -0.229 2.344
-0.815 -0.132 2.440
1.202 0.974 1.666
-0.138 0.890 0.964
-1.166 -0.122 2.060
0.756 0.467 3.067
0.590 0.579 3.044
0.594 0.518 3.235
0.214 -0.373 0.992
0.001 -0.309 0.871
1.395 1.160 2.012
0.149 0.114 2.131
-2.445 -0.128 1.741
