-0.967 -1.305 4.299
-1.052 -1.424 4.383
-0.814 -1.511 4.384
2.314 -1.369 1.206
2.181 -1.604 1.106
2.370 -1.447 0.993
0.849 -1.458 4.395
1.100 -1.478 4.308
0.860 -1.373 4.141
0.407 -1.428 3.595
0.607 -1.370 3.675
0.699 -1.428 3.586
0.194 -1.450 3.458
0.228 -1.428 3.561
2.093 -1.608 -3.758
2.140 -1.616 -3.588
1.914 -1.537 -3.761
3.441 -1.659 1.623
3.252 -1.585 1.736
3.249 -1.607 1.526
1.573 -1.640 -3.497
1.431 -1.643 -3.653
1.676 -1.649 -3.804
-0.476 -1.716 -2.214
-0.404 -1.694 -2.456
-0.199 -1.719 -2.268
-3.284 -1.424 3.517
-3.037 -1.379 3.497
-3.232 -1.423 3.299
0.787 -1.170 3.689
-1.215 -1.636 -1.236
-1.371 -1.667 -1.442
-1.088 -1.604 -1.421
2.583 -1.604 1.188
2.592 -1.621 1.428
2.433 -1.461 1.354
-0.547 -1.344 3.703
-0.636 -1.347 3.511
-0.767 -1.391 3.656
1.975 -1.577 -0.904
1.771 -1.637 -0.865
1.772 -1.576 -1.134
1.324 -1.462 -0.593
1.220 -1.395 -0.797
1.078 -1.411 -0.595
-2.038 -1.300 0.752
-2.034 -1.225 0.988
-1.925 -1.433 0.916
2.153 -1.240 1.743
2.391 -1.150 1.769
2.275 -1.133 1.601
2.465 -1.435 -0.228
2.327 -1.576 -0.320
2.530 -1.444 -0.461
2.454 -1.451 1.153
-2.251 -1.625 -1.688
-2.488 -1.595 -1.825
-2.254 -1.615 -1.966
-2.057 -1.311 -0.299
-2.280 -1.209 -0.378
-2.236 -1.226 -0.125
0.975 -1.450 -0.832
0.814 -1.432 -0.627
-0.859 -1.560 2.297
-0.643 -1.604 2.191
-0.863 -1.604 2.030
-2.616 -1.407 -2.199
-2.552 -1.317 -2.411
-2.505 -1.587 -2.380
3.408 -1.540 1.329
3.453 -1.463 1.132
3.269 -1.455 1.333
3.522 -1.407 2.234
3.285 -1.411 2.130
3.326 -1.429 2.372
-3.435 -1.604 1.443
-3.446 -1.502 1.262
-3.282 -1.453 1.252
-3.752 -1.435 3.380
-3.745 -1.599 3.273
-3.627 -1.495 3.421
3.738 -1.581 3.321
3.702 -1.425 3.469
3.755 -1.425 3.480
-1.983 -1.608 -1.835
-2.036 -1.620 -2.128
-1.791 -1.685 -2.055
-1.006 -1.631 -1.187
-0.848 -1.662 -1.365
1.609 -1.629 1.471
1.857 -1.604 1.387
1.794 -1.616 1.641
-1.838 -1.606 -1.640
-1.635 -1.637 -1.565
-1.836 -1.644 -1.438
1.437 -1.648 3.570
1.408 -1.645 3.823
1.196 -1.585 3.682
1.666 -1.631 3.481
1.729 -1.621 3.223
1.863 -1.614 3.414
2.197 -1.230 0.565
2.123 -1.346 0.309
2.382 -1.217 0.367
2.128 -1.372 -0.258
2.103 -1.590 -0.462
2.072 -1.418 3.792
1.833 -1.419 3.849
2.007 -1.525 4.001
2.157 -1.458 3.548
1.904 -1.447 3.620
0.510 -1.605 2.496
0.346 -1.605 2.677
0.600 -1.605 2.724
-0.375 -1.511 -1.199
-0.255 -1.529 -1.405
-0.504 -1.534 -1.412
-0.400 -1.592 1.080
-0.665 -1.595 1.126
-0.502 -1.546 1.328
-0.338 -1.709 -1.997
1.330 -1.271 3.507
1.101 -1.236 3.519
1.227 -1.286 3.676
1.631 -1.477 -2.499
1.405 -1.468 -2.683
1.364 -1.435 -2.405
-1.528 -1.654 -2.011
-1.621 -1.641 -2.247
-1.866 -1.666 -1.201
-2.017 -1.631 -1.349
2.646 -1.132 1.797
2.884 -1.235 1.789
2.782 -1.074 1.631
-0.828 -1.761 0.752
-0.581 -1.808 0.744
-0.697 -1.809 0.961
2.817 -1.595 2.290
2.722 -1.560 2.033
3.008 -1.618 2.063
2.161 -1.321 0.027
2.075 -1.546 -0.033
-1.270 -1.604 2.355
-1.236 -1.583 2.610
-1.040 -1.604 2.445
-0.201 -1.492 -2.241
-0.346 -1.485 -2.043
-0.095 -1.481 -2.019
-0.714 -1.683 -3.240
-0.583 -1.694 -3.073
-0.805 -1.665 -2.973
-0.948 -1.905 1.767
-1.143 -1.858 1.805
-1.049 -1.852 1.594
-2.366 -1.552 -1.116
-2.495 -1.573 -1.321
-2.253 -1.622 -1.391
0.324 -1.709 -2.205
0.083 -1.742 -2.225
0.242 -1.732 -2.422
1.006 -1.659 -1.187
0.912 -1.664 -0.908
0.747 -1.672 -1.151
-0.937 -1.641 3.659
-0.742 -1.542 3.496
-0.692 -1.623 3.747
2.374 -1.604 1.520
2.210 -1.557 1.385
1.386 -1.383 -0.968
1.575 -1.377 -1.131
1.337 -1.447 -1.206
-1.120 -1.539 4.341
-1.385 -1.498 4.273
-1.268 -1.608 4.085
-0.470 -1.502 -0.946
-0.255 -1.548 -1.036
1.570 -1.649 -0.931
1.633 -1.554 -0.714
-0.326 -1.767 -0.073
-0.123 -1.766 0.081
-0.364 -1.778 0.190
-1.516 -0.995 -3.146
-1.732 -1.063 -2.944
-1.446 -1.041 -2.894
-2.163 -1.128 1.473
-2.060 -1.160 1.238
-2.263 -1.009 1.310
-1.230 -1.333 -1.398
-1.264 -1.445 -1.179
-1.076 -1.287 -1.195
-2.419 -1.287 -2.224
-2.354 -1.377 -2.391
-1.934 -1.676 3.413
-2.203 -1.686 3.378
-2.033 -1.672 3.175
-3.520 -1.545 2.383
-3.406 -1.611 2.646
-3.564 -1.598 2.590
1.100 -1.689 -1.437
1.285 -1.651 -1.221
-0.971 -1.604 1.792
-1.119 -1.604 1.970
2.553 -1.623 2.236
1.756 -1.667 -3.325
1.959 -1.627 -3.462
1.987 -1.670 -3.185
-1.584 -1.324 -3.325
-1.439 -1.244 -3.127
-1.653 -1.427 -3.078
1.752 -1.679 -3.038
1.297 -1.459 4.228
1.124 -1.429 4.049
-2.539 -1.265 -2.067
-2.625 -1.423 -1.958
-2.512 -1.225 -1.859
-0.903 -1.565 1.209
-1.104 -1.431 1.303
-0.883 -1.432 1.420
-1.439 -1.684 -1.748
-2.632 -1.398 -1.696
-1.935 -1.669 -0.902
-2.105 -1.628 -1.153
-0.723 -1.538 1.328
-0.607 -1.578 1.946
-0.449 -1.469 2.103
-0.418 -1.439 1.855
-1.287 -1.687 1.196
-1.050 -1.763 1.187
-1.164 -1.764 1.400
-1.565 -1.487 -1.003
-1.746 -1.530 -0.918
-1.528 -1.517 -0.802
0.228 -1.831 2.659
0.087 -1.901 2.437
0.380 -1.949 2.432
-3.576 -1.515 2.960
-3.402 -1.371 3.101
-3.326 -1.485 2.909
3.474 -1.598 3.239
3.684 -1.652 3.132
-3.286 -1.405 1.692
-3.190 -1.270 1.489
-3.354 -1.295 1.530
-3.368 -1.391 2.317
-3.431 -1.478 2.520
-3.234 -1.472 2.474
0.876 -1.481 -1.081
0.756 -1.466 -1.329
0.601 -1.490 -1.112
0.375 -1.776 0.626
0.327 -1.773 0.336
0.567 -1.769 0.424
3.023 -1.402 2.001
3.263 -1.369 1.895
3.071 -1.405 1.745
-3.608 -1.703 2.824
1.848 -1.529 2.786
1.687 -1.519 2.980
1.627 -1.648 2.765
3.443 -1.497 2.048
3.485 -1.616 2.199
3.263 -1.624 2.160
-1.023 -1.471 4.123
-3.320 -1.605 2.376
-2.236 -1.226 -1.833
-2.033 -1.111 -1.927
-2.180 -1.228 -2.077
-1.507 -1.604 4.040
-0.999 -1.679 0.141
-1.211 -1.629 0.038
-0.974 -1.683 -0.076
-0.827 -1.618 -3.953
-0.571 -1.715 -3.980
-0.671 -1.698 -3.701
3.584 -1.415 3.278
3.677 -1.472 3.028
3.395 -1.409 3.107
-2.917 -1.594 3.642
-3.163 -1.604 3.538
3.179 -1.371 3.218
3.144 -1.427 2.952
2.390 -1.480 1.706
2.558 -1.566 1.612
-0.868 -1.527 0.402
-0.988 -1.466 0.160
-1.087 -1.362 0.392
-2.909 -1.259 1.243
-2.875 -1.340 1.469
-3.069 -1.405 1.356
-0.932 -1.489 -0.254
-1.103 -1.420 -0.364
-1.077 -1.368 -0.101
-1.211 -1.311 0.152
-1.799 -1.271 -1.799
-1.997 -1.356 -1.922
-2.016 -1.223 -1.716
-1.699 -1.509 4.177
-1.923 -1.529 4.104
-1.746 -1.610 3.952
1.365 -1.744 2.736
1.174 -1.814 2.610
1.329 -1.809 2.463
3.556 -1.402 3.468
1.954 -1.635 2.372
1.859 -1.605 2.152
2.079 -1.564 2.185
-3.500 -1.563 2.777
-3.261 -1.501 2.679
-1.349 -1.311 -0.077
-1.478 -1.382 0.150
1.733 -1.707 2.327
1.667 -1.662 2.128
1.769 -1.648 1.911
1.572 -1.670 1.731
-1.558 -1.645 3.811
-1.371 -1.668 3.700
-1.371 -1.630 3.896
-1.183 -1.474 -3.637
-1.195 -1.529 -3.352
-0.955 -1.530 -3.472
1.497 -1.781 2.244
1.271 -1.834 2.257
-2.304 -1.184 1.655
-2.401 -1.092 1.451
-2.148 -1.642 -3.137
-2.299 -1.654 -3.329
-2.061 -1.604 -3.367
-1.358 -1.134 -3.660
-1.218 -1.273 -3.564
-1.458 -1.211 -3.493
-2.531 -1.651 3.047
-2.473 -1.667 3.309
-2.735 -1.656 3.215
0.930 -1.465 -0.398
0.854 -1.488 -3.985
1.027 -1.494 -3.787
1.037 -1.516 -3.967
-0.102 -1.776 -0.170
-0.095 -1.738 -0.376
0.122 -1.731 -0.293
-3.233 -1.541 1.485
1.221 -1.537 -3.949
1.303 -1.506 -3.736
-2.632 -1.604 1.028
-2.438 -1.606 1.140
-2.635 -1.618 1.265
-1.176 -1.705 0.983
-1.387 -1.680 1.004
-1.337 -1.691 0.767
-3.687 -1.631 3.064
-3.440 -1.648 2.933
-3.478 -1.618 3.212
-2.056 -1.553 0.336
-2.299 -1.604 0.376
-2.220 -1.498 0.174
2.468 -1.301 -0.062
2.375 -1.387 0.157
2.320 -1.492 -0.079
-0.633 -1.474 -2.722
-0.552 -1.526 -2.497
-0.397 -1.527 -2.687
2.605 -1.605 -3.666
2.892 -1.540 -3.614
2.781 -1.604 -3.445
2.771 -1.277 -3.417
2.763 -1.277 -3.633
2.533 -1.372 -3.515
-3.081 -1.447 2.833
-2.903 -1.456 3.020
-2.826 -1.455 2.779
2.799 -1.615 3.223
2.580 -1.625 3.337
2.616 -1.632 3.122
0.095 -1.774 -0.033
0.274 -1.742 -0.118
0.295 -1.745 0.087
0.959 -1.713 1.030
0.828 -1.813 1.284
0.702 -1.769 1.032
1.215 -1.620 1.036
1.069 -1.605 0.805
1.328 -1.633 0.790
-3.640 -1.370 3.095
0.379 -1.589 4.198
0.570 -1.604 4.046
0.618 -1.569 4.305
1.771 -1.596 -3.565
1.596 -1.638 3.975
1.630 -1.636 3.727
1.824 -1.639 3.878
1.489 -1.614 3.322
1.750 -1.468 3.441
1.660 -1.428 3.660
2.016 -1.599 1.567
2.171 -1.604 1.783
1.950 -1.604 1.774
1.016 -1.797 1.489
0.797 -1.881 1.555
0.194 -1.732 -1.993
-0.067 -1.710 -1.999
-0.880 -1.604 4.221
-0.894 -1.649 3.932
-0.650 -1.604 4.012
-0.488 -1.512 -1.841
-0.235 -1.516 -1.822
0.742 -1.464 -3.778
0.879 -1.500 -3.554
0.399 -1.604 2.048
0.371 -1.604 1.802
0.167 -1.604 1.952
-3.468 -1.346 1.126
-3.286 -1.228 1.117
-3.693 -1.279 3.274
-3.503 -1.324 3.379
3.740 -1.403 3.255
-2.620 -1.549 0.802
-2.456 -1.465 1.015
1.771 -1.493 -2.039
1.872 -1.443 -2.310
1.577 -1.462 -2.225
1.883 -1.335 0.796
1.822 -1.375 0.537
1.668 -1.409 0.755
1.038 -1.584 1.379
1.206 -1.582 1.554
1.289 -1.468 1.396
0.739 -1.500 -1.767
0.980 -1.496 -1.806
0.827 -1.510 -1.952
-2.208 -1.585 -3.556
-1.971 -1.523 -3.585
2.156 -1.108 1.366
2.059 -1.284 1.533
-1.398 -1.617 0.240
-1.468 -1.608 0.013
-1.597 -1.604 0.169
-0.269 -1.987 2.274
-0.061 -1.996 2.241
-0.168 -1.963 2.467
2.439 -1.110 1.053
2.585 -1.308 0.900
2.469 -1.104 0.830
-1.661 -1.684 3.394
-1.409 -1.660 3.466
-1.557 -1.699 3.610
2.516 -1.031 1.646
0.598 -1.604 1.908
0.615 -1.604 2.143
0.886 -1.915 2.222
0.833 -1.896 2.465
0.646 -1.945 2.312
-1.492 -1.419 1.003
-1.398 -1.498 0.792
-1.678 -1.472 0.800
-0.900 -1.459 -3.704
-0.652 -1.488 -3.742
-0.798 -1.378 -3.922
-2.374 -1.613 -2.628
-2.271 -1.604 -2.443
-1.825 -1.667 3.227
1.486 -1.685 -3.195
1.522 -1.651 -2.881
1.185 -1.789 1.654
1.151 -1.850 1.888
0.975 -1.870 1.724
0.794 -1.648 -0.419
0.623 -1.676 -0.231
0.541 -1.663 -0.476
0.716 -1.661 -0.677
1.217 -1.740 1.450
1.389 -1.712 1.567
-1.045 -1.646 -2.494
-0.875 -1.647 -2.282
-1.139 -1.604 -2.254
0.149 -1.571 -3.021
-0.094 -1.566 -3.070
-0.007 -1.574 -2.840
-3.407 -1.578 3.461
-1.760 -1.489 -0.642
-1.475 -1.468 -0.550
-3.150 -1.402 3.066
3.639 -1.644 2.928
3.449 -1.624 2.984
-3.460 -1.173 1.235
-3.087 -1.328 1.125
0.503 -1.572 0.458
0.494 -1.566 0.218
0.293 -1.532 0.342
0.079 -1.513 0.224
0.074 -1.570 -0.023
-0.149 -1.540 0.108
0.875 -1.688 -2.522
0.689 -1.666 -2.704
0.935 -1.665 -2.774
-1.816 -1.517 3.506
-1.602 -1.415 3.359
-1.863 -1.482 3.262
1.109 -1.657 3.236
1.240 -1.672 2.986
1.336 -1.527 3.162
1.975 -1.604 0.479
2.228 -1.605 0.599
2.051 -1.604 0.711
1.107 -1.766 2.807
1.034 -1.728 3.009
0.853 -1.779 2.862
1.453 -1.565 2.940
-1.375 -1.796 1.833
-1.464 -1.795 2.062
-1.619 -1.747 1.866
-1.744 -1.388 3.987
-1.786 -1.468 3.755
-1.971 -1.380 3.875
-1.583 -1.500 3.629
-1.375 -1.494 3.767
-1.369 -1.452 3.530
1.541 -1.533 3.133
3.516 -1.559 2.457
3.319 -1.633 2.403
0.093 -1.604 1.419
0.157 -1.550 1.199
-0.012 -1.439 1.243
-1.656 -1.604 3.148
-1.476 -1.542 3.266
-1.202 -1.623 -2.699
-1.360 -1.665 -2.900
-1.096 -1.672 -2.949
-1.987 -1.595 1.158
-1.951 -1.604 1.432
-2.206 -1.566 1.282
-0.981 -1.651 -3.689
-1.178 -1.397 3.486
-0.989 -1.400 3.573
-1.045 -1.335 3.348
-1.178 -1.652 3.560
-0.585 -1.597 0.398
-0.743 -1.580 0.646
-2.416 -1.622 0.906
-2.407 -1.605 0.634
-2.205 -1.604 1.036
2.655 -0.906 1.493
2.641 -1.155 1.431
2.538 -0.936 1.273
-2.480 -1.381 3.629
-2.629 -1.429 3.414
-2.768 -1.391 3.590
-2.656 -1.569 3.761
-1.486 -1.376 -1.142
-1.366 -1.476 -0.970
2.051 -1.620 3.770
0.550 -1.661 -2.213
0.435 -1.681 -1.998
-2.463 -1.613 -3.512
0.170 -1.733 -2.649
0.424 -1.692 -2.614
-0.447 -1.604 3.825
-0.720 -1.524 -3.337
-0.757 -1.535 -3.563
-0.353 -1.554 0.258
-0.537 -1.596 0.162
-1.130 -1.397 -0.828
-1.118 -1.419 -0.614
-0.930 -1.466 -0.771
-2.441 -1.239 1.819
-2.219 -1.254 1.887
-1.284 -1.071 -3.101
-1.301 -1.251 -2.912
-2.362 -1.578 -3.749
-2.466 -1.373 -3.595
-2.489 -1.166 0.958
-2.299 -1.017 0.882
-2.463 -1.101 0.725
1.016 -1.605 3.897
1.140 -1.620 4.117
0.858 -1.622 4.138
-1.313 -1.372 -3.848
-1.407 -1.353 -3.645
0.493 -1.610 3.802
0.755 -1.595 3.860
-1.610 -1.032 -2.685
-2.023 -1.397 0.502
-1.762 -1.428 0.539
-1.840 -1.336 0.354
1.167 -1.594 -0.797
0.974 -1.622 -0.616
0.237 -1.609 3.753
0.160 -1.593 3.508
0.413 -1.622 3.545
1.937 -1.496 -1.679
1.916 -1.496 -1.882
1.720 -1.495 -1.789
-2.800 -1.456 1.270
-2.600 -1.418 1.161
2.435 -1.606 -2.295
2.646 -1.604 -2.146
2.427 -1.651 -2.038
2.332 -1.110 -0.126
2.403 -1.133 0.117
1.357 -1.755 1.812
1.522 -1.699 1.982
1.325 -1.816 2.050
-0.106 -1.556 -3.733
-0.400 -1.541 -3.752
-0.296 -1.556 -3.520
-0.493 -1.850 0.940
-0.338 -1.852 0.790
-0.509 -1.453 -3.965
-0.546 -1.549 -3.539
0.377 -1.834 2.902
0.216 -1.774 3.120
0.098 -1.779 2.893
-1.504 -1.390 4.079
-2.949 -1.611 3.380
1.314 -1.665 -2.728
1.108 -1.684 -2.612
1.136 -1.655 -2.818
2.260 -0.911 1.176
2.966 -1.333 -3.576
2.933 -1.458 -3.384
0.094 -1.769 0.218
0.110 -1.815 0.484
-0.137 -1.796 0.350
-3.100 -1.437 2.312
-3.012 -1.461 2.563
-1.424 -1.604 -1.151
2.342 -1.656 3.421
2.528 -1.607 3.595
0.544 -1.686 -3.097
0.503 -1.662 -2.881
0.311 -1.712 -3.058
-0.549 -1.871 2.810
-0.408 -1.832 2.964
-0.652 -1.809 2.998
0.078 -1.691 3.304
-0.023 -1.778 3.118
0.306 -1.557 -0.132
0.088 -1.528 -0.277
-1.798 -1.639 0.793
-1.993 -1.611 0.924
-1.994 -1.611 0.722
0.560 -1.664 -1.794
0.456 -1.688 -1.566
0.322 -1.717 -1.775
3.230 -1.304 1.176
3.118 -1.257 1.376
-0.978 -1.428 0.639
-0.868 -1.498 0.922
-0.926 -1.687 -0.324
-0.745 -1.719 -0.156
-0.122 -1.603 2.915
0.147 -1.539 2.859
-0.069 -1.519 2.675
0.101 -1.435 1.029
-0.133 -1.543 1.046
-0.960 -1.604 2.701
-1.166 -1.483 2.858
-2.493 -1.175 -1.593
-0.095 -1.442 1.445
-0.110 -1.583 1.609
-0.086 -1.604 0.598
0.106 -1.518 0.635
0.095 -1.604 0.446
-1.122 -1.864 2.453
-1.014 -1.827 2.729
-1.272 -1.784 2.691
3.089 -1.436 2.272
-1.213 -1.295 -0.993
0.426 -1.604 2.920
0.255 -1.574 3.120
0.619 -1.912 2.557
0.617 -1.847 2.781
0.443 -1.887 2.669
-0.158 -1.843 2.921
0.292 -1.592 0.577
0.792 -1.724 0.513
0.758 -1.741 0.260
-3.508 -1.605 2.202
-3.278 -1.634 2.122
-2.824 -1.609 2.178
-3.055 -1.636 2.322
-3.039 -1.637 2.026
-3.163 -1.650 2.590
-2.929 -1.643 2.569
-1.313 -1.842 2.252
-1.393 -1.802 2.480
-1.543 -1.765 2.291
0.790 -1.669 -1.817
0.936 -1.690 -1.633
0.698 -1.665 -1.594
1.553 -1.432 0.960
1.428 -1.438 1.180
1.713 -1.370 1.181
-2.309 -1.436 -3.416
-2.278 -1.482 -3.178
-2.207 -1.262 -3.269
2.064 -1.497 -2.506
2.163 -1.484 -2.287
2.253 -1.419 -2.468
3.023 -1.578 1.161
2.794 -1.418 1.100
3.071 -1.385 1.024
-3.202 -1.638 3.292
1.147 -1.655 -1.012
-0.342 -1.540 -3.098
-0.485 -1.505 -2.907
-0.249 -1.563 -2.875
-2.589 -1.405 2.325
-2.851 -1.451 2.321
-2.727 -1.452 2.546
-0.121 -1.711 3.289
-0.256 -1.770 3.149
-1.854 -1.674 -2.307
-2.076 -1.604 -2.375
1.981 -1.193 0.647
1.950 -1.194 0.447
-3.250 -1.608 1.865
-3.037 -1.518 1.803
-2.184 -1.238 0.124
-2.083 -1.190 0.339
-2.010 -1.400 0.224
-1.735 -1.411 1.076
-2.576 -1.431 0.616
-2.440 -1.403 0.444
1.311 -1.434 -2.139
-1.507 -1.675 -3.271
-1.622 -1.642 -3.436
-1.387 -1.657 -3.445
-2.220 -1.540 1.543
-2.439 -1.526 1.391
1.776 -1.643 -1.921
1.614 -1.654 -1.789
1.516 -1.674 -2.015
1.758 -1.654 -2.184
1.988 -1.677 -2.055
-2.607 -1.199 0.527
-2.215 -1.645 -2.867
-2.501 -1.579 -2.851
2.330 -1.604 -0.776
2.442 -1.604 -0.940
2.519 -1.550 -0.719
0.304 -1.711 -2.816
0.106 -1.733 -2.881
3.269 -1.366 1.686
3.154 -1.435 1.531
-1.436 -1.470 -1.353
1.186 -1.663 0.582
0.670 -1.663 -2.011
3.048 -1.593 1.651
3.037 -1.551 1.416
2.830 -1.321 -3.185
2.591 -1.393 -3.262
-0.063 -1.604 1.852
-0.038 -1.604 2.107
0.064 -1.712 -1.760
2.212 -1.663 -2.182
1.989 -1.654 -2.323
2.219 -1.635 -2.450
-2.428 -1.156 -1.328
-2.619 -1.366 -1.399
-2.019 -1.363 -0.038
-1.808 -1.282 -0.195
-0.229 -1.478 3.392
-0.179 -1.575 3.161
-0.426 -1.536 3.242
-0.715 -1.769 0.520
2.087 -1.456 1.340
1.907 -1.487 1.145
-2.599 -1.304 0.790
-0.262 -1.580 2.244
-0.261 -1.576 1.985
1.178 -1.454 -2.859
1.107 -1.475 -2.565
-0.717 -1.493 -2.939
-0.872 -1.493 -2.766
-2.390 -1.103 0.529
1.880 -1.606 -0.643
1.899 -1.430 -0.428
-0.941 -1.774 0.970
-1.826 -1.637 2.570
-1.852 -1.529 2.796
-2.055 -1.537 2.635
-1.338 -1.601 1.900
-1.355 -1.587 1.661
-1.557 -1.534 1.818
-0.962 -1.693 0.548
2.327 -1.446 2.822
2.114 -1.432 2.837
2.284 -1.470 3.064
1.760 -1.667 -2.464
2.205 -0.897 0.710
2.129 -0.974 0.921
2.361 -0.931 0.897
0.208 -1.732 -1.540
-1.974 -1.386 1.162
1.067 -1.481 -1.320
1.310 -1.478 -1.430
1.156 -1.464 -1.606
-2.023 -1.534 -0.243
-1.792 -1.606 -0.225
-1.921 -1.587 -0.028
1.628 -1.427 -0.869
1.422 -1.443 -0.774
1.556 -1.408 -0.623
-0.746 -1.565 0.172
-0.119 -1.599 4.179
-0.193 -1.605 3.898
0.059 -1.604 3.956
1.760 -1.355 3.056
1.993 -1.442 3.048
1.875 -1.309 2.832
-1.772 -1.640 -2.973
-1.917 -1.604 -3.181
-1.690 -1.603 -3.219
1.431 -1.480 -3.503
1.149 -1.498 -3.536
1.846 -1.273 2.569
1.646 -1.263 2.705
-0.603 -1.505 -2.068
0.337 -1.523 -3.426
0.119 -1.547 -3.571
0.082 -1.548 -3.289
-1.382 -1.655 -2.228
-1.487 -1.660 -2.412
-1.291 -1.604 -2.456
-1.824 -1.604 0.215
-1.856 -1.613 0.524
1.206 -1.476 -0.087
1.022 -1.480 -0.204
0.974 -1.452 0.001
0.623 -1.495 -1.964
-2.985 -1.649 3.116
-3.227 -1.623 3.032
-3.017 -1.655 2.829
-2.392 -1.180 0.312
-2.003 -1.604 -2.988
-2.191 -1.604 0.799
0.032 -1.595 3.076
-3.250 -1.652 2.806
1.855 -1.440 -2.568
1.028 -1.491 -2.079
0.867 -1.675 -2.006
0.816 -1.680 -2.236
0.696 -1.710 0.010
0.466 -1.723 -0.060
0.232 -1.523 -1.367
0.091 -1.552 -1.174
0.340 -1.530 -1.142
-0.805 -1.667 -2.543
-0.949 -1.669 -2.733
-0.332 -1.913 2.702
1.153 -1.502 2.976
1.083 -1.461 3.169
1.284 -1.315 3.052
2.101 -1.472 3.281
1.859 -1.465 3.244
1.251 -1.488 -3.337
1.217 -1.477 -3.119
1.449 -1.452 -3.230
1.514 -1.449 -1.952
-0.012 -1.604 3.704
3.077 -1.635 2.352
3.175 -1.637 2.635
-2.707 -1.643 2.552
-2.832 -1.643 2.390
-2.640 -1.629 2.332
-1.532 -1.665 -3.068
-1.575 -1.696 -2.860
0.506 -1.558 0.708
0.741 -1.487 0.810
0.718 -1.561 0.571
0.848 -1.673 -1.394
-1.117 -1.546 1.073
0.693 -1.585 2.966
2.553 -1.334 -1.903
2.352 -1.407 -1.759
2.559 -1.321 -1.659
-2.478 -1.409 2.564
-0.569 -1.680 -2.858
-0.378 -1.721 -3.012
-0.336 -1.734 -2.728
-2.035 -1.565 0.132
-0.375 -1.604 2.993
-2.408 -1.626 2.273
-2.165 -1.642 2.215
-2.235 -1.564 2.447
-0.862 -1.439 -2.096
-0.974 -1.460 -2.346
-1.130 -1.344 -2.140
-2.270 -1.494 -0.240
-2.143 -1.535 -0.036
2.377 -1.368 -1.513
2.158 -1.440 -1.597
2.194 -1.415 -1.351
-2.294 -1.631 2.691
-2.561 -1.655 2.770
-2.477 -1.609 2.512
-1.843 -1.457 -1.322
-1.812 -1.281 -1.537
-2.001 -1.484 -1.524
2.119 -1.464 -1.838
2.027 -1.480 -2.067
0.369 -1.491 -1.567
0.123 -1.528 -1.585
0.496 -1.680 -1.133
0.622 -1.669 -0.922
-1.427 -1.211 -2.696
-1.556 -1.183 -2.486
-1.784 -1.272 -2.480
-1.689 -1.172 -2.284
-1.851 -1.294 -2.281
-1.756 -1.042 -2.476
-1.897 -1.063 -2.280
-2.210 -1.053 0.234
-2.362 -1.037 0.052
1.295 -1.414 0.949
1.160 -1.440 1.172
-0.583 -1.513 -3.121
0.565 -1.604 1.408
0.780 -1.604 1.269
0.548 -1.583 1.156
-0.502 -1.547 3.576
-0.573 -1.654 3.388
-0.328 -1.669 3.391
0.186 -1.556 -0.948
-0.054 -1.564 -0.994
0.020 -1.582 -0.770
-0.381 -1.604 4.063
-1.897 -1.603 -0.445
-1.660 -1.674 -0.425
-0.344 -1.594 4.224
-0.592 -1.587 4.275
2.388 -1.643 3.145
0.027 -2.004 2.009
-0.101 -1.999 1.846
0.094 -1.996 1.778
2.353 -1.420 0.484
2.436 -1.244 0.665
2.415 -1.482 0.737
-0.238 -1.997 2.035
-1.338 -1.524 1.404
-1.313 -1.423 1.164
-1.550 -1.472 1.250
-0.645 -1.444 3.320
-0.822 -1.342 3.431
-1.089 -1.570 1.556
-1.545 -1.477 -2.403
-1.393 -1.462 -2.168
-1.258 -1.372 -2.429
-0.710 -1.507 -2.302
-0.795 -1.459 -2.537
2.545 -1.228 2.003
2.790 -1.254 2.005
2.316 -1.290 1.978
2.447 -1.325 2.208
2.082 -1.131 1.106
1.981 -1.296 1.276
0.338 -1.829 0.902
0.556 -1.764 0.835
0.504 -1.826 1.025
0.799 -1.604 1.523
0.581 -1.604 1.660
0.807 -1.604 1.777
1.019 -1.604 1.649
-2.558 -1.228 -0.311
-2.446 -1.265 -0.088
-2.402 -1.057 -0.223
0.310 -1.604 3.994
0.955 -1.379 3.859
1.144 -1.446 -1.032
2.563 -1.453 2.927
2.860 -1.447 2.925
2.722 -1.429 2.679
-1.450 -1.635 -3.893
-1.133 -1.656 -3.933
-1.270 -1.688 -3.679
-1.175 -1.604 1.775
0.287 -1.712 -0.524
0.023 -1.745 -0.561
0.188 -1.740 -0.815
-1.529 -1.637 -3.655
0.216 -1.725 -3.314
0.048 -1.733 -3.124
-0.015 -1.714 -3.360
0.506 -1.646 -3.716
0.265 -1.714 -3.743
0.433 -1.649 -3.955
-0.718 -1.534 -0.254
-0.857 -1.526 -0.052
-1.561 -1.509 -2.847
-1.731 -1.494 -2.637
-1.449 -1.424 -2.644
-0.808 -1.831 1.179
-0.932 -1.847 1.391
2.274 -1.424 3.750
-2.688 -1.521 1.511
2.666 -1.606 -2.400
2.457 -1.613 -2.563
-2.775 -1.335 1.054
-0.850 -1.702 -3.454
-1.276 -1.785 1.612
0.708 -1.470 -0.869
0.543 -1.486 -0.654
-2.366 -1.444 -0.012
2.013 -1.540 2.596
2.173 -1.549 2.407
2.234 -1.631 2.635
3.086 -1.604 1.843
-3.250 -1.099 1.305
-3.029 -1.157 1.363
-3.095 -1.087 1.150
1.079 -1.664 -3.450
1.212 -1.665 -3.663
1.329 -1.659 -3.445
0.364 -1.730 -3.517
0.601 -1.707 -3.493
2.635 -1.494 1.791
2.430 -1.603 1.960
-1.176 -1.290 -3.126
2.018 -1.604 0.201
1.846 -1.604 0.025
-1.770 -1.667 1.662
-1.519 -1.734 1.632
2.796 -1.532 1.572
1.775 -1.629 0.268
-0.175 -1.584 -0.176
-0.095 -1.552 -0.403
-0.312 -1.579 -0.424
-0.459 -1.535 -0.221
-0.615 -1.550 -0.029
-0.929 -1.541 2.974
-1.108 -1.399 3.110
1.589 -1.640 0.062
-2.646 -1.470 1.741
-2.454 -1.491 1.644
-2.520 -1.604 1.853
-0.209 -1.741 -1.749
1.931 -1.296 1.926
1.908 -1.379 1.701
-0.155 -1.547 -2.653
-1.832 -1.335 2.903
-1.728 -1.364 3.120
-1.584 -1.353 2.939
1.225 -1.630 3.915
1.372 -1.626 4.060
-2.322 -1.358 2.355
-2.445 -1.306 2.073
2.978 -1.389 3.119
2.000 -1.688 -2.893
2.758 -1.432 3.157
2.368 -1.576 -3.482
2.391 -1.630 -3.268
2.184 -1.623 -3.339
-2.146 -1.295 2.146
-2.049 -1.320 2.406
1.774 -1.352 2.096
1.807 -1.284 2.323
1.986 -1.288 2.161
2.647 -1.434 -0.937
2.403 -1.321 -0.887
2.562 -1.307 -0.702
2.170 -1.049 0.063
2.350 -1.327 -0.684
2.421 -1.205 -0.529
-1.557 -1.623 -0.202
-1.354 -1.604 -0.160
3.061 -1.483 3.577
3.212 -1.355 3.450
2.952 -1.326 3.359
1.998 -1.498 -2.741
2.235 -1.434 -2.670
2.202 -1.477 -2.911
-3.088 -1.237 2.040
-3.278 -1.251 2.095
-3.183 -1.461 2.099
-1.810 -1.484 -2.367
-1.660 -1.434 -2.165
-1.605 -1.604 0.382
-1.693 -1.605 -0.009
2.101 -1.463 -3.390
1.884 -1.455 -3.477
1.906 -1.471 -3.246
-2.645 -1.311 1.853
-2.868 -1.249 1.955
-2.715 -1.425 2.084
2.262 -1.650 -3.051
2.697 -1.612 -2.655
2.747 -1.618 -2.911
2.883 -1.478 -2.740
-3.080 -1.260 1.764
-3.250 -1.386 1.918
-1.678 -1.232 -2.696
-1.719 -1.373 -2.852
-1.558 -1.238 -2.907
-1.432 -1.510 -3.226
-1.791 -1.670 3.671
-2.088 -1.647 3.627
2.022 -1.381 -0.993
1.999 -1.429 -1.198
1.814 -1.371 -1.052
2.849 -1.471 -2.499
-1.765 -1.285 0.112
-1.542 -1.488 -1.767
-1.282 -1.447 -1.883
-1.530 -1.441 -1.978
-1.176 -1.670 0.583
-1.373 -1.634 0.494
-1.136 -1.632 0.339
0.813 -1.604 2.261
0.630 -1.604 2.339
-0.971 -1.332 -1.422
-1.131 -1.314 -1.644
-1.899 -1.450 0.701
3.572 -1.698 2.716
3.401 -1.667 2.803
3.394 -1.604 2.612
0.567 -1.854 1.219
2.716 -1.656 2.742
2.474 -1.634 2.688
2.643 -1.634 2.493
-2.580 -1.191 1.610
-2.626 -1.105 1.344
2.003 -1.604 1.971
2.197 -1.604 2.021
2.348 -1.021 0.548
2.269 -0.990 0.298
2.079 -1.008 0.507
2.269 -1.112 0.771
-0.966 -1.504 -3.224
-0.785 -1.524 -3.122
2.161 -1.474 1.542
-1.973 -1.183 -3.226
-1.710 -1.172 -3.212
-1.854 -1.066 -3.413
-1.550 -1.028 -3.400
-0.200 -1.707 -1.042
-0.137 -1.726 -0.812
-0.346 -1.688 -0.938
-1.960 -1.305 -2.680
-1.854 -1.090 -2.696
-1.909 -1.204 -2.858
-1.853 -1.292 -3.035
-2.057 -1.393 -3.125
-2.249 -1.338 -2.980
-2.436 -1.328 -2.812
-2.197 -1.283 -2.741
2.429 -1.410 -1.281
2.654 -1.383 -1.208
2.596 -1.326 -1.432
2.213 -1.604 -0.936
-2.141 -1.378 -2.489
-2.379 -1.286 -2.573
-0.414 -1.817 0.497
-0.287 -1.730 -0.311
-1.975 -1.157 -2.489
-2.222 -1.406 -2.235
-0.941 -1.517 -2.990
2.405 -1.471 -3.088
2.657 -1.454 -3.035
-0.228 -1.745 -0.545
-0.759 -1.489 -1.424
-0.875 -1.413 -1.650
2.306 -1.536 -3.704
1.986 -1.649 -1.546
2.199 -1.633 -1.382
1.960 -1.641 -1.324
-0.992 -1.320 -1.884
1.507 -1.435 3.450
1.433 -1.248 3.287
1.182 -1.268 3.302
1.000 -1.408 3.386
1.382 -1.469 3.693
1.147 -1.428 3.803
1.339 -1.452 3.973
2.727 -1.433 -1.766
2.690 -1.438 -1.569
2.622 -1.602 -1.656
2.643 -1.574 -1.399
-1.616 -1.527 1.534
-1.801 -1.461 1.326
-1.849 -1.403 1.539
1.554 -1.454 0.541
-1.781 -1.408 1.752
-2.017 -1.250 1.672
-1.964 -1.346 1.944
-1.998 -1.320 1.406
2.424 -1.403 -3.720
2.266 -1.422 -3.551
2.586 -1.608 -3.359
2.341 -1.437 -3.327
2.150 -1.485 -3.160
0.940 -1.473 0.646
0.888 -1.552 0.449
-2.105 -0.999 1.050
-2.258 -1.173 1.041
1.757 -1.378 0.049
1.875 -1.293 -0.187
1.614 -1.381 -0.188
1.394 -1.456 -0.197
1.458 -1.383 -0.399
-1.760 -1.607 -3.624
-1.900 -1.598 -3.816
-1.687 -1.611 -3.856
1.203 -1.481 -0.354
-1.987 -1.577 2.386
-0.629 -1.510 -1.193
-2.239 -1.261 -1.231
-2.207 -1.268 -1.501
3.201 -1.628 2.912
2.958 -1.624 2.817
-2.098 -1.639 1.969
-1.919 -1.653 2.154
-2.279 -1.604 1.788
-2.342 -1.604 2.033
1.250 -1.604 2.021
1.026 -1.605 1.898
1.028 -1.604 2.147
-2.029 -1.626 1.716
1.244 -1.603 2.284
1.014 -1.604 2.398
-1.938 -1.506 -1.084
-2.109 -1.454 -1.283
-2.202 -1.400 -1.007
-2.382 -1.146 -1.050
-2.359 -1.282 -0.837
-1.974 -1.462 -0.831
-2.162 -1.328 -0.735
-1.960 -1.343 -0.649
1.531 -1.663 -2.602
1.760 -1.670 -2.747
-2.127 -1.437 -1.734
-1.919 -1.405 -1.704
-2.388 -1.410 -1.706
1.550 -1.243 3.073
1.468 -1.296 2.856
-2.395 -1.601 -0.387
-2.462 -1.403 -0.473
-2.396 -1.608 -0.611
2.822 -1.606 -3.190
1.851 -1.626 3.627
2.186 -1.638 3.272
2.079 -1.649 3.488
1.984 -1.614 3.245
2.545 -1.666 2.927
-2.552 -1.498 -0.218
2.330 -1.537 1.247
2.440 -1.267 1.145
1.050 -1.210 3.734
-0.042 -1.417 3.532
0.052 -1.503 3.306
-0.316 -1.374 3.580
-1.303 -1.512 0.977
-1.151 -1.509 0.828
-1.245 -1.451 0.592
3.442 -1.608 1.848
3.238 -1.541 1.947
3.448 -1.658 1.467
3.473 -1.306 2.026
3.454 -1.309 1.788
3.537 -1.333 2.457
3.361 -1.406 2.620
3.430 -1.513 1.543
1.305 -1.640 -2.471
2.396 -1.633 2.443
-2.568 -1.448 -2.625
0.518 -1.502 3.149
0.807 -1.501 3.216
0.485 -1.482 -1.345
0.622 -1.465 -1.556
-0.483 -1.494 2.351
-1.283 -1.674 -3.184
-2.049 -1.243 -2.274
-0.058 -1.749 -1.510
0.104 -1.734 -1.297
0.520 -1.760 0.174
1.706 -1.550 -0.117
1.531 -1.618 -0.199
1.698 -1.505 -0.319
1.896 -1.522 -0.196
-2.986 -1.443 3.249
0.134 -1.604 1.696
0.354 -1.707 -1.332
-0.866 -1.656 -0.565
-0.693 -1.707 -0.402
0.698 -1.952 2.053
-1.230 -1.857 2.025
-0.972 -1.916 2.000
-1.109 -1.887 2.201
-0.822 -1.914 1.601
-0.549 -1.961 1.633
-0.751 -1.951 1.837
2.631 -1.604 -1.898
2.767 -1.433 -2.004
3.395 -1.485 2.862
3.205 -1.475 2.732
3.601 -1.496 2.715
2.073 -1.613 -1.137
2.334 -1.601 -0.571
0.600 -1.681 -1.361
-1.106 -1.625 -0.497
-1.174 -1.615 -1.680
1.497 -1.577 -0.475
1.711 -1.478 -0.529
-0.404 -1.708 -0.730
-0.613 -1.685 -0.954
-0.988 -1.536 3.405
-1.706 -1.669 -1.806
3.224 -1.549 1.020
3.283 -1.367 1.006
-3.459 -1.530 1.658
-3.199 -1.560 1.673
-3.486 -1.605 1.941
-2.490 -1.581 -1.552
-2.490 -1.594 -2.092
-1.508 -1.532 2.488
-1.795 -1.432 2.453
-1.680 -1.403 2.702
-1.430 -1.488 2.780
2.235 -1.546 3.912
2.284 -1.617 3.675
-2.448 -1.085 -0.433
-2.084 -1.211 -0.532
-1.855 -1.291 -0.463
-0.457 -1.404 3.455
-2.069 -1.140 0.573
-2.221 -1.361 2.618
-2.393 -1.455 2.805
-2.105 -1.421 2.894
-1.340 -1.309 -0.754
-1.287 -1.298 -0.476
-0.166 -1.758 -3.992
0.134 -1.744 -3.981
0.014 -1.728 -3.749
1.991 -1.660 -1.797
2.205 -1.635 -1.921
2.205 -1.651 -1.661
-1.415 -1.744 1.401
-0.486 -1.722 -1.759
-0.590 -1.700 -1.998
-1.634 -1.626 -1.307
-1.665 -1.653 -1.047
0.451 -1.977 2.138
0.513 -1.973 1.876
0.269 -1.995 1.950
-2.030 -1.662 -1.559
2.139 -1.607 -0.715
-1.358 -1.416 3.028
-2.451 -1.080 1.246
-2.055 -1.509 3.400
-2.014 -1.445 3.634
-0.569 -1.523 -0.464
-0.858 -1.452 -0.490
0.948 -1.555 2.986
0.808 -1.452 3.443
0.595 -1.469 3.392
-1.044 -1.463 -2.596
0.886 -1.485 -1.563
-0.373 -1.544 -1.621
-0.241 -1.526 1.293
-0.581 -1.604 0.868
-0.344 -1.391 1.561
-0.648 -1.421 1.492
-2.098 -1.495 -3.779
-2.367 -1.417 -2.002
-1.059 -1.336 -3.344
-1.324 -1.330 -3.334
2.144 -1.435 -3.780
0.047 -1.528 -4.006
-0.277 -1.515 -3.990
-1.099 -1.444 -2.829
2.021 -1.169 0.870
-0.065 -1.732 -2.697
-1.677 -1.650 -2.477
-0.867 -1.438 3.207
0.260 -1.720 -1.094
0.406 -1.709 -0.938
-1.232 -1.658 -1.982
2.199 -1.508 0.143
2.980 -1.247 1.575
0.765 -1.510 -2.145
0.525 -1.469 -2.171
1.110 -1.874 2.131
0.931 -1.910 1.969
-2.688 -1.625 3.488
1.434 -1.453 0.747
-1.168 -1.716 2.922
-1.442 -1.685 2.884
-0.452 -1.736 -3.280
-0.194 -1.741 -3.193
2.527 -1.463 3.184
2.991 -1.443 2.706
0.664 -1.446 -0.409
0.354 -1.492 -0.413
2.441 -1.398 -2.558
2.629 -1.386 -2.408
2.669 -1.411 -2.647
-0.624 -1.781 0.269
-0.127 -1.826 0.630
-0.016 -1.495 0.812
-0.841 -1.896 2.533
-0.592 -1.916 2.603
-0.413 -1.959 2.433
-2.798 -1.640 2.735
-2.393 -1.604 -0.859
-2.196 -1.618 -0.955
2.473 -1.419 -2.825
0.432 -1.681 -2.380
-1.671 -1.454 -0.361
0.336 -1.461 3.335
-0.505 -1.604 0.642
2.808 -1.605 3.517
2.859 -1.357 3.596
-0.979 -1.717 -3.205
1.470 -1.535 -3.920
1.517 -1.487 -3.726
1.699 -1.457 -3.871
-2.272 -1.607 -2.230
-1.064 -1.632 4.090
-1.154 -1.660 3.848
2.236 -1.643 -2.733
2.492 -1.652 -2.835
0.011 -1.732 -1.052
1.772 -1.655 -1.431
-0.381 -1.694 -1.155
-1.354 -1.317 0.386
-1.619 -1.308 0.367
-1.509 -1.438 0.568
0.937 -1.663 0.088
-3.041 -1.470 1.578
2.466 -1.239 -0.293
2.250 -1.141 -0.360
-1.590 -1.426 -0.099
2.428 -1.406 3.604
2.673 -1.424 3.719
2.656 -1.429 3.426
2.361 -1.464 3.351
-2.505 -1.518 -3.280
-2.400 -1.657 -3.088
-2.481 -1.412 -3.049
-0.311 -1.896 1.036
-0.102 -1.879 0.896
0.134 -1.595 4.182
-0.514 -1.749 -0.236
-0.561 -1.746 0.014
0.631 -1.889 1.419
2.302 -1.617 2.209
0.132 -1.603 2.616
-0.290 -1.604 0.796
0.838 -1.680 -3.471
0.974 -1.642 -3.683
1.372 -1.681 -3.853
0.458 -1.682 -0.726
-0.217 -1.544 -0.836
0.316 -1.552 1.055
0.262 -1.438 0.801
-2.589 -1.192 -0.563
-2.547 -1.143 -0.818
-2.572 -1.425 -0.743
-2.327 -1.129 -0.637
-0.908 -1.651 -0.966
-0.809 -1.640 -0.777
-1.238 -1.295 -0.264
-1.417 -1.412 -0.299
-0.767 -1.593 1.815
-2.471 -1.256 1.144
1.192 -1.672 -3.215
0.194 -1.992 2.204
0.013 -1.492 -1.799
0.148 -1.526 -1.996
-1.189 -1.615 -0.983
-0.269 -1.502 2.501
-0.198 -1.702 -2.523
0.924 -1.364 3.593
1.741 -1.347 0.942
0.337 -1.604 1.294
-1.674 -1.705 1.421
-2.613 -1.488 -1.162
-2.552 -1.525 -0.969
0.750 -1.935 1.799
0.130 -1.979 1.532
0.390 -1.941 1.412
0.329 -1.980 1.695
-0.587 -1.537 1.703
-1.558 -1.674 1.170
0.571 -1.946 1.624
-1.791 -1.640 1.242
-0.039 -1.876 2.681
0.821 -1.320 3.886
1.679 -1.435 -3.603
1.888 -1.411 -3.687
1.378 -1.636 1.291
-1.646 -1.533 2.932
-1.646 -1.651 2.731
-1.418 -1.454 -3.470
0.618 -1.738 0.636
-2.143 -1.429 3.990
0.631 -1.669 -2.445
-1.519 -1.332 3.148
-2.772 -1.619 2.953
1.563 -1.741 2.519
2.222 -1.598 0.843
-0.228 -1.715 -3.439
0.130 -1.730 -3.539
-0.063 -1.730 -3.554
3.141 -1.461 2.519
1.798 -1.655 2.567
1.839 -1.604 0.722
1.992 -1.540 0.905
-0.137 -1.747 -2.939
-1.674 -1.668 2.100
-1.375 -1.463 3.965
-1.563 -1.467 3.868
2.329 -1.386 2.422
2.053 -1.358 2.420
2.215 -1.420 2.633
-1.234 -1.381 4.155
-2.028 -1.097 -2.131
-2.334 -1.489 3.059
-2.093 -1.492 3.159
-0.123 -1.546 -1.606
3.373 -1.437 3.333
3.326 -1.451 3.504
2.883 -1.565 1.825
-1.492 -1.542 3.059
1.086 -1.868 2.398
-1.288 -1.604 -0.698
-1.029 -1.638 -0.748
2.083 -1.125 -0.167
1.972 -1.215 0.052
-2.097 -1.106 -3.429
-2.322 -1.194 -3.477
-0.462 -1.723 -0.479
-1.922 -1.429 3.064
-1.068 -1.703 0.769
1.346 -1.616 -0.036
2.873 -1.409 2.430
-2.281 -1.493 3.301
-0.663 -1.464 -0.719
-1.353 -1.464 -1.594
-0.381 -1.590 0.016
2.587 -1.366 2.439
2.457 -1.409 2.655
1.631 -1.395 3.247
0.678 -1.627 3.597
-1.310 -0.980 -3.337
-1.155 -1.078 -3.307
-2.254 -1.022 0.655
-2.226 -1.035 0.434
-1.832 -1.199 -2.071
1.046 -1.647 -0.354
1.230 -1.654 -0.545
1.299 -1.671 -0.285
1.113 -1.665 -0.102
-1.945 -1.324 2.663
1.771 -1.398 -1.294
2.809 -1.449 -2.252
0.440 -1.504 -0.905
0.223 -1.552 -2.803
0.316 -1.511 -2.598
0.446 -1.512 -2.789
-1.240 -1.537 3.333
-1.316 -1.628 3.111
-1.956 -1.604 -2.782
-1.900 -1.606 -2.542
-2.131 -1.604 -2.606
-0.689 -1.905 1.394
1.686 -1.451 -3.097
1.440 -1.445 -2.964
0.707 -1.549 0.333
0.932 -1.517 0.241
-1.747 -1.636 2.337
-0.446 -1.526 -3.319
2.893 -1.422 -2.971
-1.062 -1.627 3.157
-3.322 -1.470 2.108
3.023 -1.542 3.319
2.455 -1.510 3.826
-0.795 -1.651 -1.149
-0.613 -1.702 -1.271
-0.915 -1.645 -1.614
0.808 -1.700 0.781
0.972 -1.659 0.607
0.287 -1.537 0.106
1.487 -1.633 1.005
2.583 -1.351 -2.160
-1.200 -1.503 -3.069
-2.618 -1.468 2.977
-2.609 -1.454 2.735
1.074 -1.675 -2.357
-1.127 -1.717 -3.444
-0.059 -1.548 -2.431
-0.302 -1.512 -2.464
0.703 -1.502 0.064
0.806 -1.446 -0.186
0.549 -1.492 -0.176
1.109 -1.740 1.258
2.550 -1.636 -3.103
-2.133 -1.604 0.567
1.278 -1.530 3.414
-0.500 -1.754 3.195
3.409 -1.457 0.915
3.420 -1.633 1.050
-0.309 -1.604 2.740
-0.495 -1.604 2.573
-1.460 -1.667 -0.895
-1.542 -1.661 -0.651
1.386 -1.621 0.170
1.184 -1.664 0.140
2.587 -1.401 1.331
1.409 -1.525 1.608
2.057 -1.444 -3.577
0.005 -1.739 -2.464
2.770 -1.621 2.983
-0.540 -1.888 1.168
0.500 -1.463 -1.769
-1.678 -1.680 -0.829
-1.845 -1.634 1.911
1.900 -1.638 3.014
2.068 -1.636 2.824
0.972 -1.828 2.633
1.708 -1.433 -2.794
2.391 -1.381 -2.322
2.318 -1.428 -2.048
2.671 -1.204 1.156
-2.494 -1.318 -1.189
-2.508 -1.468 3.232
-0.708 -1.955 2.097
-0.501 -1.978 1.926
-0.553 -1.604 2.811
-0.653 -1.944 2.355
-0.760 -1.856 2.777
2.996 -1.595 3.065
-0.779 -1.687 3.239
-0.875 -1.723 0.317
1.092 -1.669 -3.892
-2.747 -1.444 3.213
-0.907 -1.761 2.973
1.501 -1.576 -1.122
1.545 -1.659 -1.327
0.127 -1.895 1.018
0.120 -1.837 0.760
-1.738 -1.440 -1.695
-1.602 -1.448 -1.535
0.387 -1.471 -1.979
-0.009 -1.604 2.402
-0.464 -1.977 2.187
-0.296 -1.987 1.766
-2.590 -1.319 -0.999
-0.323 -1.604 0.506
0.204 -1.604 2.206
0.270 -1.605 2.446
-1.781 -1.612 1.032
-1.571 -1.622 0.902
0.313 -1.645 3.306
0.424 -1.705 3.115
0.622 -1.785 3.028
-3.416 -1.124 1.429
-1.058 -1.411 -3.910
-0.125 -1.538 0.362
0.762 -1.670 -2.993
1.040 -1.651 -3.001
1.585 -1.604 0.756
0.561 -1.510 -3.281
0.762 -1.515 -3.370
0.590 -1.505 -3.558
-0.798 -1.727 0.085
2.226 -1.604 0.343
1.527 -1.621 0.322
1.690 -1.619 0.517
1.436 -1.648 0.554
1.740 -1.553 0.953
-1.762 -1.505 -1.920
-1.173 -1.465 3.683
-0.950 -1.455 3.840
-1.190 -1.494 3.926
2.810 -1.604 1.308
0.347 -1.604 1.546
-1.851 -1.608 3.030
2.395 -1.007 1.451
1.524 -1.676 -2.324
1.285 -1.649 -2.200
1.344 -1.582 -0.969
1.409 -1.654 -0.738
1.049 -1.684 -2.100
1.241 -1.671 -1.937
1.009 -1.670 -1.864
-2.834 -1.428 3.395
1.892 -1.318 0.275
2.070 -1.146 0.276
0.142 -1.537 -3.802
1.770 -1.493 4.079
1.673 -1.463 -3.359
1.817 -1.384 1.459
0.336 -1.522 -3.695
0.511 -1.469 -3.803
-1.015 -1.426 -0.999
2.692 -1.307 2.217
0.808 -1.476 -2.570
0.921 -1.508 -2.338
0.583 -1.424 -3.991
0.307 -1.464 -4.001
-2.095 -1.654 2.898
0.875 -1.649 3.404
1.071 -1.562 3.471
-1.894 -1.405 2.199
-1.644 -1.485 2.242
0.866 -1.651 -0.167
-1.447 -1.565 2.254
3.265 -1.591 1.273
3.421 -1.672 1.259
-2.590 -1.313 0.984
-0.887 -1.459 -1.207
-0.768 -1.490 -0.972
0.678 -1.478 -2.783
0.561 -1.506 -3.012
-1.591 -1.643 0.643
1.283 -1.618 -2.974
0.933 -1.693 -3.231
0.688 -1.663 -3.263
1.668 -1.617 1.205
0.848 -1.692 3.135
3.479 -1.556 3.422
0.471 -1.556 0.013
1.651 -1.430 0.300
2.984 -1.226 1.177
-2.929 -1.165 1.012
2.071 -1.040 0.732
2.715 -1.430 -2.844
0.381 -1.676 -0.281
-2.177 -1.603 -0.740
2.899 -1.346 2.190
0.518 -1.440 0.943
1.459 -1.456 0.055
-2.352 -1.639 2.906
-0.818 -1.556 1.618
-0.255 -1.548 1.766
1.002 -1.494 -3.300
1.020 -1.698 0.364
-1.612 -1.726 2.514
-1.155 -1.622 -0.237
-2.846 -1.416 1.698
-2.789 -1.596 1.894
1.174 -1.665 -1.687
-0.393 -1.508 -0.664
1.296 -1.472 2.827
1.466 -1.430 2.646
-1.477 -1.632 -2.648
1.954 -1.455 3.427
-0.213 -1.738 -3.685
-0.676 -1.672 -2.183
2.417 -1.617 -1.786
1.585 -1.427 3.904
1.001 -1.408 0.928
0.952 -1.527 1.150
1.189 -1.474 0.716
0.661 -1.591 -3.927
0.882 -1.654 -3.920
0.743 -1.671 -3.704
0.340 -1.543 -3.164
0.345 -1.546 -2.957
-1.831 -1.557 -3.399
-0.637 -1.684 -2.383
1.786 -1.636 -1.678
2.802 -1.272 1.308
2.904 -1.057 1.385
2.191 -1.280 -0.556
1.955 -1.345 -0.608
2.002 -1.194 -0.405
-1.726 -1.459 2.002
-1.235 -1.406 -2.674
1.289 -1.650 0.356
1.995 -1.682 -2.601
-0.476 -1.942 1.397
2.897 -1.606 2.556
2.557 -1.595 -1.149
2.428 -1.608 -1.322
-2.831 -1.197 1.709
-2.820 -1.144 1.473
-0.452 -1.521 -2.268
1.667 -1.251 2.906
1.240 -1.447 -1.871
1.457 -1.473 -1.650
1.147 -1.470 -2.305
1.233 -1.581 2.572
-0.657 -1.577 3.068
-0.764 -1.605 2.842
-0.901 -1.918 2.274
-0.079 -1.559 -3.482
0.557 -1.509 -2.581
0.420 -1.487 -2.386
0.666 -1.486 -2.365
-0.733 -1.632 -1.802
-1.914 -1.444 -2.145
0.922 -1.477 -2.794
-1.006 -1.608 -2.084
-0.154 -1.578 -0.605
-2.642 -1.057 1.046
-0.013 -1.560 -1.390
-0.196 -1.556 -3.296
0.753 -1.455 1.067
1.927 -1.312 1.027
-0.145 -1.552 -1.200
0.815 -1.604 2.022
1.127 -1.518 0.447
1.547 -1.411 1.419
-1.731 -1.674 -2.712
-0.300 -1.973 1.518
-2.162 -1.605 -0.468
-0.300 -1.941 1.276
-1.631 -1.317 -1.328
-0.583 -1.686 -2.619
1.871 -1.403 -3.832
-1.789 -1.690 -0.646
-2.622 -1.323 0.279
-2.517 -1.217 0.115
-2.610 -1.402 0.042
1.658 -1.461 1.658
1.180 -1.453 0.170
1.388 -1.481 0.345
0.275 -1.552 -0.702
-2.989 -1.209 1.558
1.237 -1.595 1.767
1.487 -1.530 1.879
-0.741 -1.647 -2.745
-2.457 -1.499 0.213
-1.381 -1.633 -0.410
-1.986 -1.605 -0.644
-0.092 -1.987 1.639
-0.081 -1.604 3.461
0.929 -1.568 3.652
1.941 -1.475 -2.992
-2.283 -1.691 3.117
-0.256 -1.558 3.642
0.450 -1.669 -3.292
1.625 -1.342 2.475
1.640 -1.443 2.257
1.635 -1.492 2.058
1.749 -1.452 1.890
-2.860 -1.062 1.238
0.596 -1.666 3.302
0.184 -1.546 -2.405
0.085 -1.568 -2.620
2.119 -1.308 1.998
2.207 -1.348 2.195
-0.405 -1.732 -3.819
-0.431 -1.709 -3.562
-0.624 -1.707 -3.447
-0.149 -1.731 -1.253
-0.659 -1.674 -1.545
-1.437 -1.516 -3.014
-1.328 -1.485 -2.841
0.288 -1.524 -2.191
0.042 -1.535 -2.212
1.889 -1.410 -0.831
1.749 -1.357 -0.681
2.155 -1.391 -0.797
1.532 -1.466 4.151
2.476 -1.351 -1.085
2.244 -1.420 -1.081
-1.314 -1.329 3.293
-2.964 -1.446 2.093
-0.368 -1.742 -1.462
-0.867 -1.399 4.074
-1.989 -1.610 3.872
0.438 -1.604 2.280
-2.403 -1.496 3.881
-2.212 -1.388 3.758
-2.247 -1.451 3.525
-2.430 -1.449 3.421
0.991 -1.604 2.610
1.083 -1.577 2.795
3.232 -1.607 3.157
-2.026 -1.369 -2.892
0.345 -1.888 1.141
-1.506 -1.556 2.057
-0.085 -1.967 1.397
1.459 -1.551 2.151
1.459 -1.519 2.404
2.319 -1.611 -1.145
-0.977 -1.604 -1.865
-0.640 -1.674 -0.650
2.565 -1.361 -3.687
-0.615 -1.459 -1.632
-2.334 -1.062 1.084
-2.079 -1.069 0.807
1.337 -1.464 0.558
0.773 -1.604 2.514
0.849 -1.604 2.767
1.725 -1.285 -0.447
-0.727 -1.407 -1.864
3.261 -1.604 3.425
-1.711 -1.408 -1.117
2.308 -1.645 2.881
2.139 -1.636 3.063
1.350 -1.677 -1.502
1.579 -1.642 -1.580
-1.295 -1.604 2.123
-0.694 -1.436 3.859
-2.391 -1.620 3.609
0.259 -1.517 -1.783
2.418 -1.607 -1.535
1.966 -1.465 -1.439
1.730 -1.471 -1.537
-0.809 -1.640 -2.036
-0.379 -1.761 -3.995
-1.470 -1.723 2.658
0.775 -1.830 2.653
-2.212 -1.593 3.813
-0.679 -1.611 2.428
-0.853 -1.551 2.504
-0.716 -1.560 2.646
1.532 -1.457 -1.371
0.083 -1.565 -0.527
-1.075 -1.604 2.203
0.979 -1.474 -3.031
0.783 -1.479 -2.955
0.776 -1.511 -3.157
0.138 -1.944 1.273
-0.089 -1.932 1.148
1.412 -1.656 -1.752
2.025 -1.346 2.659
-2.587 -1.613 2.094
