-2.946 -2.269 -0.847
-2.821 -2.269 -0.848
-2.696 -2.269 -0.848
-2.571 -2.269 -0.848
-2.446 -2.268 -0.847
-2.321 -2.268 -0.847
-2.196 -2.269 -0.848
-2.072 -2.268 -0.848
-1.947 -2.268 -0.848
-1.822 -2.268 -0.848
-1.697 -2.268 -0.849
-1.573 -2.267 -0.849
-1.448 -2.267 -0.850
-1.323 -2.266 -0.851
-1.198 -2.265 -0.852
-1.073 -2.264 -0.852
-0.948 -2.263 -0.853
-0.823 -2.263 -0.854
-0.698 -2.262 -0.855
-0.572 -2.261 -0.856
-0.447 -2.260 -0.857
-0.322 -2.260 -0.857
-0.197 -2.259 -0.858
-0.071 -2.259 -0.859
0.054 -2.258 -0.859
0.179 -2.258 -0.860
0.304 -2.257 -0.860
0.429 -2.257 -0.861
0.554 -2.256 -0.862
0.679 -2.255 -0.862
0.804 -2.255 -0.863
0.929 -2.254 -0.864
1.054 -2.253 -0.865
1.179 -2.252 -0.866
1.305 -2.251 -0.867
1.430 -2.251 -0.867
1.556 -2.250 -0.868
1.681 -2.250 -0.868
1.807 -2.250 -0.869
1.932 -2.249 -0.869
2.058 -2.249 -0.869
2.184 -2.249 -0.869
2.309 -2.250 -0.869
2.434 -2.250 -0.869
2.560 -2.250 -0.868
2.685 -2.251 -0.868
2.810 -2.251 -0.868
2.935 -2.252 -0.868
-2.946 -2.352 -0.755
-2.821 -2.352 -0.755
-2.696 -2.352 -0.755
-2.571 -2.352 -0.755
-2.446 -2.352 -0.755
-2.321 -2.352 -0.755
-2.196 -2.352 -0.755
-2.071 -2.352 -0.755
-1.946 -2.352 -0.755
-1.822 -2.351 -0.756
-1.697 -2.351 -0.756
-1.572 -2.350 -0.757
-1.447 -2.350 -0.757
-1.322 -2.349 -0.758
-1.197 -2.348 -0.759
-1.072 -2.347 -0.760
-0.947 -2.347 -0.761
-0.822 -2.346 -0.762
-0.696 -2.345 -0.762
-0.571 -2.344 -0.763
-0.446 -2.344 -0.764
-0.321 -2.343 -0.765
-0.196 -2.342 -0.765
-0.070 -2.342 -0.766
0.055 -2.341 -0.766
0.180 -2.341 -0.767
0.305 -2.340 -0.767
0.430 -2.340 -0.768
0.555 -2.339 -0.769
0.680 -2.338 -0.770
0.805 -2.338 -0.770
0.930 -2.337 -0.771
1.055 -2.336 -0.772
1.180 -2.335 -0.773
1.306 -2.335 -0.774
1.431 -2.334 -0.774
1.556 -2.334 -0.775
1.682 -2.333 -0.775
1.807 -2.333 -0.776
1.933 -2.333 -0.776
2.058 -2.333 -0.776
2.184 -2.333 -0.776
2.309 -2.333 -0.776
2.434 -2.333 -0.776
2.559 -2.334 -0.776
2.685 -2.334 -0.775
2.810 -2.334 -0.775
2.935 -2.335 -0.775
-2.946 -2.436 -0.663
-2.821 -2.436 -0.663
-2.696 -2.436 -0.663
-2.571 -2.435 -0.663
-2.446 -2.435 -0.663
-2.321 -2.435 -0.663
-2.196 -2.435 -0.663
-2.071 -2.435 -0.664
-1.946 -2.435 -0.664
-1.821 -2.435 -0.664
-1.696 -2.435 -0.665
-1.571 -2.434 -0.665
-1.446 -2.433 -0.666
-1.321 -2.433 -0.667
-1.196 -2.432 -0.667
-1.071 -2.431 -0.668
-0.946 -2.430 -0.669
-0.821 -2.430 -0.670
-0.695 -2.429 -0.671
-0.570 -2.428 -0.672
-0.445 -2.428 -0.672
-0.320 -2.427 -0.673
-0.195 -2.427 -0.674
-0.070 -2.426 -0.674
0.055 -2.425 -0.675
0.181 -2.425 -0.675
0.306 -2.424 -0.676
0.431 -2.424 -0.676
0.556 -2.423 -0.677
0.681 -2.423 -0.678
0.806 -2.422 -0.679
0.931 -2.421 -0.679
1.056 -2.420 -0.680
1.181 -2.420 -0.681
1.307 -2.419 -0.682
1.432 -2.418 -0.682
1.557 -2.418 -0.683
1.683 -2.418 -0.683
1.808 -2.417 -0.684
1.933 -2.417 -0.684
2.059 -2.417 -0.684
2.184 -2.417 -0.684
2.309 -2.418 -0.684
2.434 -2.418 -0.684
2.559 -2.418 -0.683
2.684 -2.418 -0.683
2.809 -2.418 -0.683
2.934 -2.419 -0.683
-2.946 -2.519 -0.571
-2.821 -2.519 -0.572
-2.696 -2.519 -0.572
-2.571 -2.518 -0.572
-2.446 -2.519 -0.572
-2.321 -2.519 -0.572
-2.196 -2.518 -0.572
-2.071 -2.519 -0.573
-1.945 -2.518 -0.573
-1.820 -2.518 -0.573
-1.695 -2.518 -0.574
-1.570 -2.517 -0.574
-1.445 -2.517 -0.575
-1.320 -2.516 -0.575
-1.195 -2.515 -0.576
-1.070 -2.515 -0.577
-0.945 -2.514 -0.578
-0.820 -2.513 -0.579
-0.695 -2.512 -0.579
-0.569 -2.512 -0.580
-0.444 -2.511 -0.581
-0.319 -2.510 -0.581
-0.194 -2.510 -0.582
-0.069 -2.509 -0.583
0.056 -2.509 -0.583
0.181 -2.508 -0.584
0.307 -2.508 -0.584
0.432 -2.507 -0.585
0.557 -2.507 -0.586
0.682 -2.506 -0.586
0.807 -2.506 -0.587
0.932 -2.505 -0.588
1.057 -2.504 -0.588
1.182 -2.503 -0.589
1.308 -2.503 -0.590
1.433 -2.502 -0.590
1.558 -2.502 -0.591
1.683 -2.501 -0.591
1.808 -2.501 -0.592
1.934 -2.501 -0.592
2.059 -2.501 -0.592
2.184 -2.501 -0.592
2.309 -2.501 -0.592
2.434 -2.502 -0.591
2.559 -2.502 -0.591
2.684 -2.502 -0.590
2.809 -2.502 -0.590
2.934 -2.502 -0.590
-2.945 -2.602 -0.480
-2.820 -2.602 -0.481
-2.695 -2.602 -0.481
-2.570 -2.601 -0.481
-2.445 -2.601 -0.481
-2.320 -2.601 -0.482
-2.195 -2.601 -0.482
-2.070 -2.601 -0.482
-1.945 -2.601 -0.482
-1.820 -2.601 -0.482
-1.695 -2.600 -0.483
-1.570 -2.600 -0.483
-1.444 -2.599 -0.484
-1.319 -2.598 -0.484
-1.194 -2.598 -0.485
-1.069 -2.597 -0.486
-0.944 -2.596 -0.487
-0.819 -2.596 -0.487
-0.694 -2.595 -0.488
-0.569 -2.594 -0.489
-0.444 -2.594 -0.489
-0.318 -2.593 -0.490
-0.193 -2.593 -0.491
-0.068 -2.592 -0.491
0.057 -2.592 -0.492
0.182 -2.591 -0.492
0.307 -2.591 -0.493
0.433 -2.590 -0.493
0.558 -2.590 -0.494
0.683 -2.589 -0.495
0.808 -2.589 -0.495
0.933 -2.588 -0.496
1.058 -2.587 -0.497
1.184 -2.587 -0.497
1.309 -2.586 -0.498
1.434 -2.586 -0.498
1.559 -2.585 -0.499
1.684 -2.585 -0.499
1.809 -2.585 -0.499
1.934 -2.584 -0.499
2.059 -2.585 -0.499
2.184 -2.585 -0.499
2.309 -2.585 -0.499
2.434 -2.585 -0.499
2.559 -2.585 -0.498
2.684 -2.585 -0.498
2.809 -2.586 -0.498
2.934 -2.586 -0.498
-2.945 -2.685 -0.390
-2.820 -2.684 -0.390
-2.695 -2.684 -0.390
-2.570 -2.683 -0.390
-2.445 -2.683 -0.391
-2.320 -2.683 -0.391
-2.195 -2.683 -0.391
-2.069 -2.683 -0.391
-1.944 -2.683 -0.391
-1.819 -2.682 -0.392
-1.694 -2.682 -0.392
-1.569 -2.681 -0.392
-1.444 -2.681 -0.393
-1.319 -2.681 -0.394
-1.193 -2.680 -0.394
-1.068 -2.679 -0.395
-0.943 -2.679 -0.396
-0.818 -2.678 -0.396
-0.693 -2.678 -0.397
-0.568 -2.677 -0.398
-0.443 -2.676 -0.398
-0.318 -2.676 -0.399
-0.193 -2.675 -0.399
-0.067 -2.675 -0.400
0.058 -2.675 -0.400
0.183 -2.674 -0.401
0.308 -2.674 -0.401
0.433 -2.673 -0.402
0.559 -2.673 -0.403
0.684 -2.672 -0.403
0.809 -2.672 -0.404
0.934 -2.671 -0.404
1.059 -2.671 -0.405
1.185 -2.670 -0.405
1.310 -2.669 -0.406
1.435 -2.669 -0.406
1.560 -2.669 -0.407
1.685 -2.668 -0.407
1.810 -2.668 -0.407
1.935 -2.668 -0.407
2.060 -2.668 -0.407
2.185 -2.668 -0.407
2.310 -2.669 -0.407
2.434 -2.669 -0.406
2.559 -2.669 -0.406
2.684 -2.669 -0.406
2.809 -2.669 -0.406
2.934 -2.669 -0.406
-2.944 -2.767 -0.299
-2.819 -2.766 -0.300
-2.694 -2.766 -0.300
-2.569 -2.766 -0.300
-2.444 -2.766 -0.301
-2.319 -2.765 -0.301
-2.194 -2.765 -0.301
-2.069 -2.765 -0.301
-1.944 -2.765 -0.301
-1.818 -2.764 -0.301
-1.693 -2.764 -0.302
-1.568 -2.763 -0.302
-1.443 -2.763 -0.303
-1.318 -2.763 -0.303
-1.193 -2.763 -0.304
-1.068 -2.762 -0.305
-0.943 -2.761 -0.305
-0.818 -2.761 -0.306
-0.693 -2.760 -0.307
-0.567 -2.760 -0.307
-0.442 -2.759 -0.308
-0.317 -2.759 -0.308
-0.192 -2.758 -0.309
-0.067 -2.758 -0.309
0.058 -2.758 -0.310
0.184 -2.757 -0.310
0.309 -2.757 -0.311
0.434 -2.756 -0.311
0.559 -2.756 -0.312
0.685 -2.755 -0.312
0.810 -2.755 -0.313
0.935 -2.755 -0.313
1.060 -2.754 -0.313
1.185 -2.753 -0.314
1.311 -2.753 -0.314
1.436 -2.753 -0.314
1.561 -2.752 -0.315
1.685 -2.752 -0.315
1.810 -2.752 -0.315
1.935 -2.752 -0.315
2.060 -2.752 -0.315
2.185 -2.752 -0.315
2.310 -2.753 -0.314
2.435 -2.753 -0.314
2.560 -2.753 -0.314
2.684 -2.753 -0.314
2.809 -2.753 -0.314
2.934 -2.753 -0.314
-2.944 -2.848 -0.209
-2.819 -2.848 -0.209
-2.694 -2.848 -0.210
-2.569 -2.848 -0.210
-2.444 -2.847 -0.211
-2.318 -2.847 -0.211
-2.193 -2.847 -0.211
-2.068 -2.847 -0.212
-1.943 -2.847 -0.212
-1.818 -2.846 -0.212
-1.693 -2.846 -0.212
-1.568 -2.845 -0.212
-1.442 -2.845 -0.212
-1.317 -2.845 -0.213
-1.192 -2.845 -0.214
-1.067 -2.844 -0.214
-0.942 -2.844 -0.215
-0.817 -2.843 -0.216
-0.692 -2.843 -0.216
-0.567 -2.842 -0.217
-0.442 -2.842 -0.217
-0.317 -2.841 -0.217
-0.192 -2.841 -0.218
-0.066 -2.840 -0.218
0.059 -2.840 -0.219
0.184 -2.840 -0.219
0.310 -2.839 -0.220
0.435 -2.839 -0.220
0.560 -2.839 -0.220
0.686 -2.838 -0.221
0.811 -2.838 -0.221
0.936 -2.837 -0.221
1.061 -2.837 -0.222
1.186 -2.837 -0.222
1.311 -2.836 -0.222
1.436 -2.836 -0.222
1.561 -2.836 -0.223
1.686 -2.836 -0.223
1.811 -2.836 -0.223
1.936 -2.836 -0.223
2.061 -2.836 -0.223
2.185 -2.836 -0.222
2.310 -2.836 -0.222
2.435 -2.837 -0.222
2.560 -2.837 -0.222
2.685 -2.837 -0.222
2.810 -2.837 -0.222
2.935 -2.837 -0.222
-2.943 -2.930 -0.119
-2.818 -2.930 -0.119
-2.693 -2.930 -0.120
-2.568 -2.929 -0.120
-2.443 -2.929 -0.120
-2.318 -2.929 -0.121
-2.193 -2.929 -0.121
-2.067 -2.929 -0.122
-1.942 -2.928 -0.121
-1.817 -2.928 -0.121
-1.692 -2.928 -0.122
-1.567 -2.927 -0.122
-1.442 -2.927 -0.122
-1.317 -2.927 -0.123
-1.192 -2.926 -0.123
-1.067 -2.926 -0.124
-0.942 -2.926 -0.124
-0.817 -2.925 -0.125
-0.692 -2.925 -0.125
-0.567 -2.924 -0.126
-0.442 -2.924 -0.126
-0.316 -2.923 -0.126
-0.191 -2.923 -0.127
-0.066 -2.923 -0.127
0.059 -2.922 -0.128
0.185 -2.922 -0.128
0.310 -2.922 -0.128
0.435 -2.921 -0.129
0.561 -2.921 -0.129
0.686 -2.921 -0.129
0.811 -2.921 -0.129
0.937 -2.920 -0.130
1.062 -2.920 -0.130
1.187 -2.920 -0.130
1.312 -2.920 -0.130
1.437 -2.920 -0.130
1.562 -2.920 -0.130
1.687 -2.920 -0.131
1.812 -2.920 -0.130
1.936 -2.920 -0.130
2.061 -2.920 -0.130
2.186 -2.920 -0.130
2.311 -2.920 -0.130
2.435 -2.921 -0.130
2.560 -2.921 -0.130
2.685 -2.921 -0.129
2.810 -2.921 -0.129
2.935 -2.921 -0.129
-2.942 -3.012 -0.028
-2.817 -3.012 -0.029
-2.692 -3.012 -0.030
-2.567 -3.011 -0.030
-2.442 -3.011 -0.031
-2.317 -3.011 -0.031
-2.192 -3.011 -0.031
-2.067 -3.010 -0.031
-1.942 -3.010 -0.031
-1.817 -3.010 -0.031
-1.691 -3.010 -0.032
-1.566 -3.010 -0.032
-1.441 -3.009 -0.032
-1.316 -3.009 -0.032
-1.191 -3.009 -0.033
-1.066 -3.008 -0.033
-0.941 -3.008 -0.033
-0.816 -3.008 -0.034
-0.691 -3.007 -0.034
-0.566 -3.007 -0.035
-0.441 -3.006 -0.035
-0.316 -3.006 -0.035
-0.191 -3.006 -0.036
-0.066 -3.005 -0.036
0.060 -3.005 -0.037
0.185 -3.005 -0.037
0.311 -3.004 -0.037
0.436 -3.004 -0.037
0.561 -3.004 -0.038
0.687 -3.004 -0.038
0.812 -3.004 -0.038
0.937 -3.004 -0.038
1.063 -3.004 -0.038
1.188 -3.003 -0.038
1.313 -3.004 -0.038
1.438 -3.004 -0.038
1.562 -3.003 -0.038
1.687 -3.004 -0.038
1.812 -3.004 -0.038
1.937 -3.004 -0.038
2.061 -3.004 -0.038
2.186 -3.005 -0.038
2.311 -3.004 -0.037
2.436 -3.005 -0.037
2.560 -3.005 -0.037
2.685 -3.005 -0.037
2.810 -3.005 -0.037
2.935 -3.004 -0.037
-2.941 -3.095 0.062
-2.816 -3.094 0.061
-2.691 -3.094 0.061
-2.566 -3.094 0.060
-2.441 -3.093 0.060
-2.316 -3.093 0.059
-2.191 -3.093 0.059
-2.066 -3.092 0.059
-1.941 -3.092 0.059
-1.816 -3.092 0.059
-1.691 -3.092 0.058
-1.566 -3.092 0.058
-1.441 -3.092 0.058
-1.316 -3.091 0.058
-1.191 -3.091 0.058
-1.066 -3.091 0.057
-0.941 -3.091 0.057
-0.816 -3.091 0.057
-0.691 -3.090 0.056
-0.566 -3.090 0.056
-0.441 -3.089 0.056
-0.316 -3.089 0.055
-0.190 -3.089 0.055
-0.065 -3.089 0.055
0.060 -3.088 0.054
0.186 -3.088 0.054
0.311 -3.088 0.054
0.436 -3.088 0.054
0.562 -3.088 0.053
0.687 -3.088 0.053
0.813 -3.087 0.053
0.938 -3.087 0.054
1.063 -3.087 0.054
1.188 -3.087 0.054
1.313 -3.087 0.054
1.438 -3.087 0.054
1.563 -3.087 0.054
1.688 -3.087 0.054
1.812 -3.088 0.054
1.937 -3.088 0.054
2.062 -3.089 0.054
2.187 -3.089 0.054
2.311 -3.089 0.055
2.436 -3.089 0.055
2.561 -3.089 0.055
2.686 -3.089 0.055
2.811 -3.089 0.055
2.936 -3.089 0.055
-2.941 -3.177 0.153
-2.816 -3.177 0.152
-2.691 -3.176 0.151
-2.565 -3.176 0.151
-2.440 -3.176 0.150
-2.315 -3.175 0.150
-2.190 -3.175 0.149
-2.065 -3.174 0.150
-1.940 -3.174 0.149
-1.815 -3.175 0.149
-1.690 -3.175 0.149
-1.565 -3.175 0.149
-1.440 -3.175 0.149
-1.315 -3.175 0.148
-1.190 -3.175 0.148
-1.066 -3.175 0.148
-0.941 -3.174 0.148
-0.816 -3.174 0.147
-0.691 -3.174 0.147
-0.566 -3.174 0.147
-0.441 -3.173 0.146
-0.315 -3.173 0.146
-0.190 -3.173 0.146
-0.065 -3.172 0.145
0.061 -3.172 0.145
0.186 -3.172 0.145
0.311 -3.172 0.145
0.437 -3.172 0.145
0.562 -3.172 0.145
0.688 -3.172 0.145
0.813 -3.172 0.145
0.938 -3.172 0.145
1.064 -3.172 0.145
1.189 -3.171 0.146
1.314 -3.172 0.146
1.438 -3.172 0.146
1.563 -3.172 0.147
1.688 -3.172 0.147
1.813 -3.172 0.147
1.938 -3.173 0.147
2.062 -3.173 0.147
2.187 -3.173 0.148
2.312 -3.173 0.148
2.436 -3.173 0.148
2.561 -3.173 0.148
2.686 -3.173 0.148
2.811 -3.173 0.148
2.936 -3.173 0.147
-2.940 -3.260 0.244
-2.815 -3.259 0.243
-2.690 -3.259 0.243
-2.565 -3.259 0.242
-2.440 -3.259 0.241
-2.315 -3.258 0.240
-2.190 -3.258 0.240
-2.065 -3.257 0.240
-1.940 -3.257 0.241
-1.815 -3.257 0.240
-1.690 -3.257 0.240
-1.565 -3.257 0.240
-1.440 -3.257 0.240
-1.315 -3.258 0.240
-1.190 -3.258 0.239
-1.065 -3.258 0.239
-0.940 -3.258 0.239
-0.815 -3.258 0.239
-0.690 -3.257 0.239
-0.565 -3.257 0.238
-0.440 -3.257 0.238
-0.315 -3.257 0.238
-0.190 -3.256 0.237
-0.064 -3.256 0.237
0.061 -3.256 0.237
0.186 -3.256 0.237
0.312 -3.256 0.237
0.437 -3.256 0.236
0.563 -3.256 0.237
0.688 -3.256 0.237
0.814 -3.256 0.237
0.939 -3.256 0.237
1.064 -3.256 0.237
1.189 -3.256 0.238
1.314 -3.256 0.238
1.439 -3.256 0.239
1.564 -3.256 0.239
1.688 -3.256 0.240
1.813 -3.256 0.240
1.938 -3.257 0.240
2.063 -3.257 0.240
2.187 -3.257 0.241
2.312 -3.257 0.241
2.437 -3.257 0.241
2.562 -3.257 0.241
2.687 -3.257 0.241
2.812 -3.257 0.241
2.937 -3.258 0.240
-2.939 -3.343 0.336
-2.814 -3.343 0.335
-2.689 -3.342 0.334
-2.564 -3.342 0.333
-2.439 -3.342 0.333
-2.314 -3.341 0.332
-2.189 -3.341 0.332
-2.064 -3.341 0.332
-1.939 -3.340 0.332
-1.814 -3.340 0.332
-1.689 -3.340 0.332
-1.564 -3.340 0.332
-1.439 -3.340 0.332
-1.314 -3.340 0.332
-1.189 -3.341 0.332
-1.065 -3.341 0.332
-0.940 -3.341 0.332
-0.815 -3.341 0.332
-0.690 -3.340 0.331
-0.565 -3.340 0.331
-0.440 -3.340 0.331
-0.314 -3.340 0.330
-0.189 -3.339 0.330
-0.064 -3.339 0.330
0.061 -3.339 0.330
0.187 -3.339 0.330
0.312 -3.339 0.330
0.438 -3.339 0.330
0.563 -3.339 0.330
0.689 -3.339 0.330
0.814 -3.339 0.330
0.939 -3.340 0.330
1.064 -3.340 0.331
1.189 -3.340 0.331
1.314 -3.340 0.332
1.439 -3.340 0.332
1.564 -3.341 0.332
1.689 -3.341 0.333
1.813 -3.341 0.333
1.938 -3.341 0.333
2.063 -3.341 0.334
2.188 -3.342 0.334
2.312 -3.342 0.334
2.437 -3.342 0.334
2.562 -3.342 0.334
2.687 -3.342 0.334
2.812 -3.342 0.334
2.937 -3.342 0.333
-2.937 -3.427 0.428
-2.812 -3.426 0.427
-2.687 -3.426 0.426
-2.562 -3.425 0.426
-2.438 -3.425 0.425
-2.313 -3.425 0.424
-2.188 -3.425 0.424
-2.063 -3.424 0.424
-1.938 -3.424 0.424
-1.813 -3.424 0.424
-1.688 -3.424 0.424
-1.563 -3.424 0.424
-1.438 -3.424 0.425
-1.314 -3.424 0.425
-1.189 -3.424 0.425
-1.064 -3.424 0.425
-0.939 -3.425 0.424
-0.814 -3.424 0.424
-0.689 -3.424 0.424
-0.564 -3.424 0.424
-0.439 -3.424 0.424
-0.314 -3.424 0.423
-0.189 -3.423 0.423
-0.063 -3.423 0.423
0.062 -3.423 0.423
0.187 -3.423 0.423
0.313 -3.423 0.423
0.438 -3.423 0.423
0.564 -3.423 0.423
0.689 -3.423 0.423
0.814 -3.424 0.423
0.939 -3.424 0.424
1.064 -3.424 0.424
1.189 -3.425 0.425
1.314 -3.425 0.425
1.439 -3.425 0.425
1.564 -3.425 0.426
1.689 -3.426 0.426
1.814 -3.426 0.426
1.938 -3.426 0.427
2.063 -3.426 0.427
2.188 -3.426 0.427
2.313 -3.427 0.427
2.438 -3.427 0.427
2.563 -3.427 0.427
2.688 -3.427 0.427
2.813 -3.427 0.427
2.938 -3.426 0.427
-2.936 -3.512 0.521
-2.811 -3.511 0.520
-2.686 -3.510 0.519
-2.561 -3.510 0.519
-2.436 -3.509 0.518
-2.312 -3.509 0.518
-2.187 -3.509 0.517
-2.062 -3.508 0.517
-1.937 -3.508 0.517
-1.812 -3.508 0.517
-1.687 -3.509 0.517
-1.563 -3.509 0.517
-1.438 -3.509 0.517
-1.313 -3.509 0.518
-1.188 -3.509 0.518
-1.063 -3.509 0.517
-0.938 -3.510 0.517
-0.813 -3.510 0.517
-0.689 -3.510 0.517
-0.564 -3.509 0.517
-0.438 -3.509 0.516
-0.313 -3.509 0.516
-0.188 -3.509 0.516
-0.063 -3.508 0.516
0.062 -3.508 0.516
0.188 -3.508 0.516
0.313 -3.508 0.516
0.438 -3.508 0.516
0.564 -3.508 0.516
0.689 -3.508 0.517
0.814 -3.508 0.517
0.939 -3.509 0.517
1.064 -3.509 0.517
1.189 -3.510 0.518
1.314 -3.510 0.519
1.439 -3.510 0.519
1.564 -3.510 0.519
1.689 -3.511 0.520
1.814 -3.511 0.520
1.939 -3.511 0.520
2.063 -3.511 0.520
2.188 -3.511 0.520
2.313 -3.511 0.521
2.438 -3.511 0.521
2.563 -3.511 0.520
2.688 -3.511 0.520
2.813 -3.511 0.520
2.938 -3.511 0.520
-2.935 -3.597 0.614
-2.810 -3.596 0.614
-2.685 -3.596 0.613
-2.560 -3.595 0.612
-2.435 -3.595 0.612
-2.310 -3.594 0.611
-2.186 -3.593 0.611
-2.061 -3.593 0.611
-1.936 -3.593 0.611
-1.811 -3.593 0.610
-1.687 -3.593 0.610
-1.562 -3.594 0.610
-1.437 -3.594 0.611
-1.312 -3.594 0.611
-1.187 -3.594 0.611
-1.062 -3.594 0.611
-0.938 -3.595 0.611
-0.813 -3.595 0.611
-0.688 -3.595 0.611
-0.563 -3.594 0.611
-0.438 -3.594 0.610
-0.313 -3.594 0.610
-0.188 -3.593 0.610
-0.062 -3.593 0.610
0.063 -3.593 0.610
0.188 -3.593 0.610
0.313 -3.593 0.610
0.439 -3.593 0.610
0.564 -3.593 0.610
0.689 -3.593 0.610
0.814 -3.594 0.611
0.939 -3.594 0.611
1.064 -3.594 0.612
1.189 -3.595 0.612
1.314 -3.595 0.612
1.439 -3.595 0.613
1.564 -3.596 0.613
1.689 -3.596 0.613
1.814 -3.596 0.614
1.939 -3.596 0.614
2.063 -3.597 0.614
2.188 -3.597 0.614
2.313 -3.596 0.614
2.438 -3.596 0.614
2.563 -3.596 0.614
2.688 -3.596 0.614
2.813 -3.596 0.614
2.938 -3.596 0.613
-2.934 -3.682 0.708
-2.809 -3.682 0.708
-2.684 -3.681 0.707
-2.559 -3.681 0.706
-2.434 -3.680 0.706
-2.309 -3.680 0.705
-2.185 -3.679 0.705
-2.060 -3.679 0.705
-1.935 -3.679 0.704
-1.811 -3.679 0.704
-1.686 -3.679 0.705
-1.561 -3.679 0.705
-1.436 -3.679 0.705
-1.311 -3.679 0.705
-1.186 -3.679 0.705
-1.062 -3.679 0.705
-0.937 -3.680 0.705
-0.812 -3.680 0.705
-0.687 -3.680 0.705
-0.562 -3.679 0.705
-0.437 -3.679 0.705
-0.312 -3.679 0.705
-0.187 -3.679 0.705
-0.062 -3.679 0.704
0.063 -3.678 0.704
0.188 -3.678 0.704
0.314 -3.678 0.704
0.439 -3.678 0.704
0.564 -3.679 0.704
0.689 -3.679 0.705
0.814 -3.679 0.705
0.939 -3.679 0.705
1.064 -3.680 0.706
1.189 -3.680 0.706
1.314 -3.680 0.706
1.439 -3.681 0.707
1.564 -3.681 0.707
1.689 -3.681 0.707
1.814 -3.681 0.707
1.939 -3.681 0.708
2.063 -3.681 0.708
2.188 -3.681 0.708
2.314 -3.681 0.708
2.439 -3.682 0.708
2.564 -3.681 0.708
2.689 -3.681 0.707
2.814 -3.681 0.707
2.939 -3.681 0.707
-2.932 -3.768 0.803
-2.807 -3.768 0.802
-2.683 -3.767 0.802
-2.558 -3.767 0.801
-2.433 -3.766 0.801
-2.308 -3.766 0.800
-2.184 -3.765 0.800
-2.059 -3.765 0.799
-1.934 -3.765 0.799
-1.810 -3.765 0.799
-1.685 -3.765 0.799
-1.560 -3.765 0.799
-1.435 -3.765 0.799
-1.311 -3.765 0.800
-1.186 -3.765 0.800
-1.061 -3.766 0.800
-0.936 -3.766 0.800
-0.811 -3.766 0.800
-0.686 -3.766 0.800
-0.561 -3.766 0.800
-0.436 -3.765 0.800
-0.311 -3.765 0.800
-0.186 -3.765 0.799
-0.061 -3.765 0.799
0.064 -3.765 0.799
0.189 -3.765 0.798
0.314 -3.764 0.799
0.439 -3.764 0.799
0.564 -3.764 0.799
0.689 -3.765 0.799
0.814 -3.765 0.799
0.939 -3.765 0.800
1.064 -3.766 0.800
1.189 -3.766 0.800
1.314 -3.766 0.801
1.439 -3.766 0.801
1.564 -3.767 0.801
1.688 -3.767 0.801
1.813 -3.767 0.801
1.938 -3.767 0.802
2.063 -3.767 0.802
2.188 -3.767 0.801
2.314 -3.767 0.801
2.439 -3.767 0.801
2.564 -3.767 0.801
2.689 -3.766 0.801
2.814 -3.766 0.801
2.939 -3.766 0.801
-2.931 -3.854 0.898
-2.807 -3.854 0.897
-2.682 -3.854 0.897
-2.557 -3.853 0.896
-2.432 -3.853 0.896
-2.308 -3.852 0.895
-2.183 -3.852 0.895
-2.058 -3.851 0.894
-1.934 -3.851 0.894
-1.809 -3.851 0.894
-1.684 -3.851 0.894
-1.559 -3.851 0.894
-1.435 -3.851 0.894
-1.310 -3.852 0.894
-1.185 -3.852 0.895
-1.060 -3.852 0.895
-0.935 -3.852 0.895
-0.810 -3.852 0.895
-0.686 -3.852 0.895
-0.561 -3.852 0.895
-0.436 -3.852 0.895
-0.311 -3.852 0.894
-0.186 -3.851 0.894
-0.061 -3.851 0.894
0.064 -3.851 0.894
0.189 -3.851 0.894
0.314 -3.850 0.894
0.439 -3.850 0.894
0.564 -3.851 0.894
0.689 -3.851 0.894
0.814 -3.851 0.894
0.939 -3.851 0.894
1.064 -3.851 0.895
1.188 -3.852 0.895
1.313 -3.852 0.895
1.438 -3.852 0.895
1.563 -3.852 0.896
1.688 -3.852 0.896
1.813 -3.852 0.896
1.938 -3.852 0.896
2.063 -3.852 0.896
2.188 -3.852 0.895
2.314 -3.852 0.895
2.439 -3.852 0.895
2.564 -3.852 0.895
2.689 -3.852 0.895
2.814 -3.852 0.895
2.939 -3.852 0.895
-2.931 -3.941 0.993
-2.806 -3.940 0.993
-2.681 -3.940 0.992
-2.556 -3.940 0.992
-2.432 -3.939 0.991
-2.307 -3.939 0.991
-2.183 -3.939 0.990
-2.058 -3.938 0.990
-1.933 -3.938 0.990
-1.808 -3.938 0.989
-1.684 -3.938 0.989
-1.559 -3.938 0.989
-1.434 -3.938 0.989
-1.309 -3.938 0.990
-1.184 -3.938 0.990
-1.059 -3.938 0.990
-0.934 -3.939 0.990
-0.810 -3.939 0.991
-0.685 -3.939 0.991
-0.560 -3.939 0.991
-0.435 -3.938 0.990
-0.310 -3.938 0.990
-0.186 -3.938 0.990
-0.061 -3.938 0.989
0.064 -3.937 0.989
0.189 -3.937 0.989
0.314 -3.937 0.989
0.439 -3.937 0.989
0.564 -3.937 0.989
0.688 -3.937 0.989
0.813 -3.937 0.989
0.938 -3.938 0.989
1.063 -3.938 0.990
1.188 -3.938 0.990
1.313 -3.938 0.990
1.438 -3.938 0.990
1.563 -3.938 0.990
1.688 -3.938 0.990
1.813 -3.938 0.990
1.938 -3.938 0.990
2.063 -3.938 0.990
2.188 -3.938 0.990
2.313 -3.938 0.990
2.439 -3.938 0.990
2.564 -3.938 0.989
2.689 -3.938 0.989
2.814 -3.938 0.989
2.939 -3.937 0.989
-2.931 -4.027 1.088
-2.806 -4.027 1.088
-2.681 -4.027 1.088
-2.556 -4.027 1.087
-2.432 -4.026 1.087
-2.307 -4.026 1.087
-2.182 -4.025 1.086
-2.057 -4.025 1.086
-1.933 -4.025 1.085
-1.808 -4.025 1.085
-1.683 -4.024 1.085
-1.558 -4.025 1.085
-1.433 -4.025 1.085
-1.308 -4.025 1.085
-1.184 -4.025 1.085
-1.059 -4.025 1.086
-0.934 -4.026 1.086
-0.809 -4.026 1.086
-0.684 -4.026 1.086
-0.559 -4.026 1.086
-0.435 -4.025 1.086
-0.310 -4.025 1.086
-0.185 -4.025 1.085
-0.061 -4.025 1.085
0.064 -4.024 1.085
0.189 -4.024 1.084
0.314 -4.024 1.084
0.438 -4.024 1.084
0.563 -4.024 1.084
0.688 -4.024 1.084
0.813 -4.024 1.084
0.938 -4.024 1.084
1.063 -4.024 1.085
1.188 -4.024 1.085
1.313 -4.024 1.085
1.438 -4.024 1.085
1.563 -4.024 1.085
1.688 -4.024 1.085
1.813 -4.024 1.085
1.938 -4.024 1.084
2.063 -4.024 1.084
2.188 -4.024 1.084
2.313 -4.024 1.084
2.439 -4.024 1.084
2.564 -4.023 1.084
2.689 -4.023 1.084
2.814 -4.023 1.084
2.939 -4.023 1.084
-2.931 -4.114 1.183
-2.806 -4.114 1.183
-2.681 -4.114 1.183
-2.556 -4.114 1.183
-2.432 -4.113 1.183
-2.307 -4.113 1.182
-2.182 -4.113 1.182
-2.057 -4.112 1.181
-1.932 -4.112 1.181
-1.808 -4.112 1.180
-1.683 -4.111 1.181
-1.558 -4.112 1.180
-1.433 -4.112 1.181
-1.308 -4.112 1.181
-1.183 -4.112 1.181
-1.058 -4.112 1.182
-0.933 -4.112 1.182
-0.808 -4.113 1.182
-0.684 -4.113 1.182
-0.559 -4.113 1.182
-0.434 -4.113 1.182
-0.310 -4.112 1.181
-0.185 -4.112 1.181
-0.060 -4.112 1.181
0.064 -4.111 1.180
0.189 -4.111 1.180
0.314 -4.111 1.180
0.438 -4.111 1.180
0.563 -4.111 1.180
0.688 -4.111 1.180
0.813 -4.111 1.180
0.937 -4.111 1.180
1.062 -4.111 1.180
1.187 -4.111 1.180
1.312 -4.111 1.180
1.437 -4.111 1.180
1.562 -4.111 1.180
1.687 -4.111 1.180
1.813 -4.110 1.180
1.938 -4.110 1.179
2.063 -4.110 1.179
2.188 -4.110 1.179
2.313 -4.110 1.179
2.439 -4.110 1.179
2.564 -4.110 1.179
2.689 -4.110 1.179
2.814 -4.110 1.179
2.939 -4.110 1.179
-2.932 -4.201 1.279
-2.807 -4.201 1.279
-2.682 -4.201 1.279
-2.557 -4.201 1.279
-2.432 -4.201 1.278
-2.307 -4.200 1.278
-2.182 -4.200 1.278
-2.057 -4.200 1.277
-1.932 -4.199 1.277
-1.807 -4.199 1.276
-1.682 -4.198 1.276
-1.557 -4.198 1.276
-1.432 -4.199 1.277
-1.308 -4.199 1.277
-1.183 -4.199 1.277
-1.058 -4.199 1.277
-0.933 -4.200 1.278
-0.808 -4.200 1.278
-0.683 -4.200 1.278
-0.559 -4.200 1.278
-0.434 -4.200 1.278
-0.309 -4.200 1.278
-0.185 -4.199 1.277
-0.060 -4.199 1.277
0.064 -4.199 1.276
0.189 -4.198 1.276
0.313 -4.198 1.276
0.438 -4.198 1.276
0.563 -4.198 1.275
0.688 -4.198 1.275
0.812 -4.198 1.275
0.937 -4.198 1.275
1.062 -4.198 1.275
1.187 -4.197 1.275
1.312 -4.198 1.275
1.437 -4.198 1.275
1.562 -4.197 1.275
1.687 -4.197 1.275
1.813 -4.197 1.275
1.938 -4.197 1.275
2.063 -4.197 1.274
2.188 -4.197 1.274
2.313 -4.197 1.274
2.438 -4.196 1.274
2.564 -4.196 1.274
2.689 -4.196 1.274
2.814 -4.196 1.274
2.939 -4.196 1.274
-2.932 -4.287 1.374
-2.807 -4.288 1.374
-2.682 -4.288 1.374
-2.557 -4.288 1.374
-2.432 -4.288 1.374
-2.307 -4.287 1.374
-2.182 -4.287 1.373
-2.057 -4.287 1.373
-1.932 -4.286 1.373
-1.807 -4.286 1.372
-1.682 -4.286 1.372
-1.557 -4.286 1.372
-1.432 -4.286 1.372
-1.307 -4.286 1.373
-1.182 -4.286 1.373
-1.057 -4.287 1.373
-0.933 -4.287 1.374
-0.808 -4.287 1.374
-0.683 -4.287 1.374
-0.558 -4.287 1.374
-0.434 -4.287 1.374
-0.309 -4.287 1.374
-0.185 -4.287 1.373
-0.060 -4.286 1.373
0.064 -4.286 1.373
0.189 -4.286 1.372
0.313 -4.285 1.372
0.438 -4.285 1.372
0.563 -4.285 1.371
0.687 -4.285 1.371
0.812 -4.285 1.371
0.937 -4.285 1.371
1.062 -4.285 1.371
1.187 -4.285 1.371
1.312 -4.285 1.371
1.437 -4.284 1.371
1.562 -4.284 1.371
1.687 -4.284 1.370
1.813 -4.284 1.370
1.938 -4.284 1.370
2.063 -4.284 1.370
2.188 -4.283 1.370
2.313 -4.283 1.370
2.439 -4.283 1.370
2.564 -4.283 1.370
2.689 -4.283 1.370
2.814 -4.283 1.370
2.939 -4.283 1.370
-2.933 -4.374 1.470
-2.808 -4.375 1.470
-2.683 -4.375 1.470
-2.558 -4.375 1.470
-2.433 -4.375 1.470
-2.308 -4.374 1.470
-2.183 -4.374 1.469
-2.058 -4.374 1.469
-1.932 -4.373 1.469
-1.807 -4.373 1.468
-1.682 -4.373 1.468
-1.557 -4.373 1.468
-1.432 -4.373 1.469
-1.307 -4.374 1.469
-1.182 -4.374 1.469
-1.057 -4.374 1.470
-0.932 -4.375 1.470
-0.808 -4.375 1.470
-0.683 -4.375 1.470
-0.558 -4.375 1.470
-0.434 -4.375 1.470
-0.309 -4.375 1.470
-0.185 -4.374 1.470
-0.060 -4.374 1.469
0.064 -4.374 1.469
0.189 -4.373 1.469
0.313 -4.373 1.468
0.438 -4.373 1.468
0.563 -4.372 1.468
0.687 -4.372 1.468
0.812 -4.372 1.467
0.937 -4.372 1.467
1.062 -4.372 1.467
1.187 -4.372 1.467
1.312 -4.372 1.467
1.437 -4.372 1.467
1.562 -4.371 1.467
1.688 -4.371 1.466
1.813 -4.371 1.466
1.938 -4.371 1.466
2.063 -4.371 1.466
2.188 -4.371 1.466
2.313 -4.371 1.466
2.439 -4.371 1.466
2.564 -4.371 1.466
2.689 -4.371 1.466
2.814 -4.371 1.466
2.939 -4.371 1.466
-2.934 -4.461 1.565
-2.809 -4.461 1.565
-2.684 -4.461 1.566
-2.559 -4.461 1.566
-2.433 -4.461 1.565
-2.308 -4.461 1.565
-2.183 -4.461 1.565
-2.058 -4.461 1.565
-1.932 -4.461 1.565
-1.807 -4.461 1.564
-1.682 -4.460 1.564
-1.557 -4.460 1.565
-1.432 -4.461 1.565
-1.307 -4.461 1.565
-1.182 -4.461 1.565
-1.057 -4.462 1.566
-0.932 -4.462 1.566
-0.808 -4.462 1.566
-0.683 -4.463 1.567
-0.558 -4.463 1.567
-0.434 -4.463 1.567
-0.309 -4.462 1.566
-0.185 -4.462 1.566
-0.060 -4.462 1.566
0.064 -4.461 1.565
0.189 -4.461 1.565
0.314 -4.461 1.565
0.438 -4.460 1.564
0.563 -4.460 1.564
0.688 -4.460 1.564
0.812 -4.460 1.564
0.937 -4.460 1.564
1.062 -4.460 1.563
1.187 -4.459 1.563
1.312 -4.459 1.563
1.437 -4.459 1.563
1.563 -4.459 1.563
1.688 -4.459 1.563
1.813 -4.459 1.563
1.938 -4.459 1.563
2.063 -4.459 1.563
2.188 -4.459 1.562
2.314 -4.459 1.562
2.439 -4.459 1.562
2.564 -4.459 1.563
2.689 -4.459 1.562
2.814 -4.459 1.562
2.939 -4.459 1.563
-2.935 -4.548 1.661
-2.810 -4.548 1.661
-2.684 -4.548 1.661
-2.559 -4.548 1.661
-2.434 -4.548 1.661
-2.308 -4.548 1.661
-2.183 -4.548 1.661
-2.058 -4.548 1.661
-1.933 -4.548 1.661
-1.807 -4.548 1.661
-1.682 -4.548 1.661
-1.557 -4.548 1.661
-1.432 -4.548 1.661
-1.307 -4.549 1.661
-1.182 -4.549 1.662
-1.057 -4.549 1.662
-0.933 -4.550 1.663
-0.808 -4.550 1.663
-0.683 -4.550 1.663
-0.558 -4.550 1.663
-0.434 -4.550 1.663
-0.309 -4.550 1.663
-0.185 -4.550 1.663
-0.060 -4.550 1.662
0.065 -4.549 1.662
0.189 -4.549 1.662
0.314 -4.549 1.661
0.438 -4.548 1.661
0.563 -4.548 1.661
0.688 -4.548 1.660
0.813 -4.548 1.660
0.937 -4.548 1.660
1.062 -4.548 1.660
1.187 -4.548 1.660
1.312 -4.547 1.660
1.438 -4.547 1.660
1.563 -4.547 1.660
1.688 -4.547 1.659
1.813 -4.547 1.659
1.938 -4.547 1.659
2.063 -4.547 1.659
2.189 -4.547 1.659
2.314 -4.547 1.660
2.439 -4.547 1.660
2.564 -4.547 1.660
2.689 -4.547 1.660
2.814 -4.547 1.660
2.939 -4.547 1.660
-2.935 -4.635 1.756
-2.810 -4.635 1.756
-2.685 -4.635 1.756
-2.559 -4.635 1.757
-2.434 -4.635 1.757
-2.309 -4.635 1.757
-2.183 -4.635 1.757
-2.058 -4.635 1.757
-1.933 -4.635 1.757
-1.808 -4.635 1.757
-1.683 -4.636 1.757
-1.557 -4.636 1.757
-1.432 -4.636 1.758
-1.307 -4.636 1.758
-1.183 -4.637 1.758
-1.058 -4.637 1.759
-0.933 -4.638 1.759
-0.808 -4.638 1.760
-0.683 -4.638 1.760
-0.559 -4.638 1.760
-0.434 -4.639 1.760
-0.309 -4.638 1.760
-0.185 -4.638 1.760
-0.060 -4.638 1.760
0.065 -4.637 1.759
0.189 -4.637 1.759
0.314 -4.637 1.758
0.438 -4.637 1.758
0.563 -4.636 1.758
0.688 -4.636 1.758
0.813 -4.636 1.758
0.938 -4.636 1.757
1.063 -4.636 1.757
1.188 -4.636 1.757
1.313 -4.636 1.757
1.438 -4.635 1.757
1.563 -4.635 1.757
1.688 -4.635 1.757
1.813 -4.636 1.757
1.939 -4.635 1.757
2.064 -4.635 1.757
2.189 -4.636 1.757
2.314 -4.636 1.757
2.439 -4.636 1.758
2.564 -4.636 1.758
2.689 -4.636 1.758
2.814 -4.636 1.758
2.939 -4.636 1.758
-2.935 -4.722 1.852
-2.810 -4.722 1.852
-2.685 -4.722 1.852
-2.559 -4.722 1.852
-2.434 -4.722 1.852
-2.309 -4.722 1.852
-2.183 -4.722 1.853
-2.058 -4.723 1.853
-1.933 -4.723 1.853
-1.808 -4.723 1.853
-1.683 -4.723 1.853
-1.558 -4.724 1.854
-1.433 -4.724 1.854
-1.308 -4.725 1.855
-1.183 -4.725 1.855
-1.058 -4.725 1.856
-0.933 -4.726 1.857
-0.808 -4.727 1.857
-0.684 -4.727 1.857
-0.559 -4.727 1.858
-0.434 -4.727 1.858
-0.309 -4.727 1.857
-0.185 -4.727 1.857
-0.060 -4.726 1.857
0.065 -4.726 1.856
0.189 -4.725 1.856
0.314 -4.725 1.856
0.439 -4.725 1.855
0.563 -4.725 1.855
0.688 -4.725 1.855
0.813 -4.724 1.855
0.938 -4.724 1.855
1.063 -4.725 1.855
1.188 -4.725 1.855
1.313 -4.725 1.855
1.438 -4.724 1.855
1.563 -4.724 1.855
1.688 -4.725 1.855
1.814 -4.725 1.855
1.939 -4.725 1.855
2.064 -4.725 1.855
2.189 -4.725 1.855
2.314 -4.725 1.856
2.439 -4.725 1.856
2.564 -4.726 1.856
2.689 -4.726 1.856
2.814 -4.726 1.856
2.939 -4.726 1.857
-2.935 -4.808 1.947
-2.810 -4.808 1.947
-2.685 -4.809 1.947
-2.559 -4.809 1.947
-2.434 -4.809 1.948
-2.309 -4.809 1.948
-2.183 -4.810 1.948
-2.058 -4.810 1.949
-1.933 -4.811 1.949
-1.808 -4.811 1.950
-1.683 -4.811 1.950
-1.558 -4.812 1.951
-1.433 -4.812 1.951
-1.308 -4.813 1.952
-1.183 -4.814 1.953
-1.058 -4.814 1.953
-0.933 -4.815 1.954
-0.809 -4.815 1.955
-0.684 -4.815 1.955
-0.559 -4.815 1.955
-0.434 -4.816 1.955
-0.310 -4.816 1.955
-0.185 -4.815 1.955
-0.060 -4.815 1.955
0.064 -4.815 1.954
0.189 -4.814 1.954
0.314 -4.814 1.954
0.439 -4.814 1.953
0.564 -4.814 1.953
0.688 -4.814 1.953
0.813 -4.814 1.953
0.938 -4.814 1.953
1.063 -4.814 1.953
1.188 -4.814 1.953
1.313 -4.814 1.953
1.438 -4.814 1.953
1.563 -4.814 1.953
1.688 -4.814 1.953
1.814 -4.814 1.953
1.939 -4.814 1.954
2.064 -4.814 1.954
2.189 -4.815 1.954
2.314 -4.815 1.955
2.439 -4.816 1.955
2.564 -4.816 1.955
2.689 -4.816 1.955
2.814 -4.816 1.956
2.939 -4.816 1.956
-2.935 -4.895 2.042
-2.810 -4.895 2.042
-2.685 -4.895 2.043
-2.559 -4.896 2.043
-2.434 -4.896 2.043
-2.309 -4.897 2.044
-2.183 -4.897 2.045
-2.058 -4.898 2.046
-1.933 -4.898 2.046
-1.808 -4.899 2.047
-1.683 -4.900 2.048
-1.558 -4.900 2.048
-1.433 -4.901 2.049
-1.308 -4.902 2.050
-1.183 -4.902 2.051
-1.059 -4.903 2.051
-0.934 -4.904 2.052
-0.809 -4.904 2.053
-0.684 -4.905 2.053
-0.560 -4.905 2.053
-0.435 -4.905 2.053
-0.310 -4.905 2.053
-0.185 -4.905 2.053
-0.061 -4.904 2.053
0.064 -4.904 2.052
0.189 -4.904 2.052
0.314 -4.904 2.052
0.439 -4.904 2.052
0.564 -4.904 2.051
0.688 -4.903 2.052
0.813 -4.903 2.052
0.938 -4.903 2.052
1.063 -4.904 2.052
1.188 -4.904 2.052
1.313 -4.903 2.052
1.438 -4.904 2.052
1.563 -4.904 2.052
1.688 -4.904 2.052
1.814 -4.904 2.052
1.939 -4.905 2.053
2.064 -4.905 2.053
2.189 -4.905 2.054
2.314 -4.906 2.054
2.439 -4.906 2.055
2.564 -4.907 2.055
2.689 -4.907 2.055
2.814 -4.907 2.056
2.939 -4.907 2.056
-2.935 -4.982 2.138
-2.809 -4.982 2.138
-2.684 -4.982 2.138
-2.559 -4.983 2.139
-2.434 -4.983 2.140
-2.308 -4.984 2.140
-2.183 -4.985 2.141
-2.058 -4.986 2.142
-1.933 -4.987 2.143
-1.808 -4.988 2.144
-1.683 -4.988 2.145
-1.558 -4.989 2.146
-1.434 -4.990 2.147
-1.309 -4.991 2.148
-1.184 -4.992 2.149
-1.059 -4.993 2.150
-0.935 -4.993 2.151
-0.810 -4.994 2.151
-0.685 -4.994 2.152
-0.560 -4.994 2.152
-0.435 -4.995 2.152
-0.311 -4.994 2.152
-0.186 -4.994 2.152
-0.061 -4.994 2.151
0.064 -4.994 2.151
0.189 -4.994 2.151
0.314 -4.994 2.151
0.439 -4.994 2.151
0.563 -4.994 2.151
0.688 -4.993 2.151
0.813 -4.994 2.151
0.938 -4.994 2.151
1.063 -4.994 2.151
1.188 -4.994 2.151
1.313 -4.994 2.151
1.438 -4.994 2.151
1.563 -4.994 2.152
1.688 -4.995 2.152
1.813 -4.995 2.152
1.939 -4.995 2.153
2.064 -4.996 2.153
2.189 -4.996 2.154
2.314 -4.997 2.154
2.439 -4.997 2.155
2.564 -4.998 2.155
2.689 -4.998 2.156
2.814 -4.999 2.156
2.939 -4.999 2.157
-2.934 -5.069 2.233
-2.809 -5.069 2.234
-2.684 -5.069 2.234
-2.559 -5.070 2.235
-2.434 -5.071 2.236
-2.308 -5.072 2.237
-2.183 -5.073 2.238
-2.058 -5.074 2.240
-1.933 -5.076 2.241
-1.808 -5.077 2.242
-1.684 -5.078 2.244
-1.559 -5.079 2.245
-1.434 -5.080 2.246
-1.309 -5.081 2.247
-1.185 -5.082 2.248
-1.060 -5.083 2.249
-0.935 -5.084 2.250
-0.811 -5.084 2.251
-0.686 -5.085 2.251
-0.561 -5.085 2.251
-0.436 -5.085 2.251
-0.311 -5.085 2.251
-0.186 -5.085 2.251
-0.061 -5.085 2.251
0.064 -5.084 2.251
0.189 -5.084 2.251
0.313 -5.084 2.250
0.438 -5.084 2.250
0.563 -5.084 2.250
0.688 -5.084 2.251
0.813 -5.084 2.251
0.938 -5.085 2.251
1.063 -5.085 2.251
1.188 -5.085 2.251
1.313 -5.085 2.251
1.438 -5.085 2.252
1.563 -5.085 2.252
1.688 -5.086 2.252
1.813 -5.086 2.253
1.938 -5.087 2.253
2.063 -5.087 2.254
2.188 -5.088 2.255
2.313 -5.089 2.255
2.438 -5.089 2.256
2.563 -5.090 2.257
2.688 -5.090 2.257
2.813 -5.091 2.258
2.938 -5.091 2.258
-2.934 -5.156 2.329
-2.809 -5.156 2.330
-2.684 -5.157 2.330
-2.559 -5.158 2.331
-2.433 -5.159 2.333
-2.308 -5.161 2.334
-2.183 -5.162 2.336
-2.058 -5.164 2.338
-1.934 -5.165 2.340
-1.809 -5.167 2.341
-1.684 -5.168 2.343
-1.560 -5.169 2.344
-1.435 -5.171 2.346
-1.310 -5.172 2.347
-1.186 -5.173 2.348
-1.061 -5.174 2.349
-0.936 -5.175 2.350
-0.811 -5.175 2.351
-0.687 -5.176 2.351
-0.562 -5.176 2.351
-0.437 -5.176 2.352
-0.312 -5.176 2.351
-0.187 -5.176 2.351
-0.062 -5.176 2.351
0.063 -5.176 2.351
0.188 -5.176 2.351
0.313 -5.176 2.351
0.438 -5.176 2.351
0.563 -5.176 2.351
0.687 -5.176 2.351
0.812 -5.176 2.352
0.937 -5.176 2.352
1.062 -5.176 2.352
1.187 -5.176 2.352
1.312 -5.177 2.352
1.437 -5.177 2.353
1.562 -5.177 2.353
1.688 -5.178 2.353
1.813 -5.178 2.354
1.938 -5.179 2.355
2.063 -5.180 2.356
2.188 -5.180 2.356
2.313 -5.181 2.357
2.438 -5.182 2.358
2.563 -5.182 2.358
2.688 -5.183 2.359
2.813 -5.183 2.360
2.938 -5.184 2.360
-2.934 -5.243 2.426
-2.809 -5.244 2.426
-2.684 -5.245 2.427
-2.559 -5.246 2.429
-2.434 -5.248 2.431
-2.309 -5.250 2.433
-2.184 -5.252 2.435
-2.059 -5.254 2.437
-1.934 -5.256 2.439
-1.810 -5.258 2.441
-1.685 -5.259 2.443
-1.561 -5.261 2.445
-1.436 -5.262 2.447
-1.312 -5.264 2.448
-1.187 -5.265 2.449
-1.062 -5.266 2.450
-0.937 -5.267 2.451
-0.813 -5.267 2.452
-0.688 -5.268 2.452
-0.563 -5.268 2.453
-0.438 -5.268 2.453
-0.313 -5.268 2.453
-0.188 -5.268 2.453
-0.063 -5.268 2.453
0.062 -5.268 2.453
0.187 -5.268 2.453
0.312 -5.268 2.453
0.437 -5.268 2.453
0.562 -5.268 2.453
0.687 -5.268 2.453
0.812 -5.268 2.453
0.936 -5.269 2.453
1.061 -5.269 2.453
1.186 -5.269 2.454
1.312 -5.269 2.454
1.437 -5.269 2.454
1.562 -5.270 2.455
1.687 -5.270 2.455
1.812 -5.271 2.456
1.937 -5.272 2.457
2.062 -5.273 2.458
2.187 -5.273 2.459
2.312 -5.274 2.460
2.437 -5.275 2.460
2.562 -5.276 2.461
2.687 -5.276 2.462
2.812 -5.277 2.462
2.937 -5.277 2.463
-2.934 -5.332 2.523
-2.809 -5.333 2.524
-2.684 -5.334 2.526
-2.559 -5.336 2.528
-2.434 -5.338 2.530
-2.309 -5.341 2.532
-2.185 -5.343 2.535
-2.060 -5.346 2.538
-1.936 -5.348 2.541
-1.811 -5.350 2.543
-1.687 -5.352 2.545
-1.562 -5.354 2.547
-1.438 -5.355 2.549
-1.313 -5.357 2.550
-1.188 -5.358 2.552
-1.064 -5.359 2.553
-0.939 -5.360 2.554
-0.814 -5.360 2.554
-0.689 -5.361 2.555
-0.564 -5.361 2.555
-0.439 -5.361 2.555
-0.314 -5.361 2.555
-0.189 -5.361 2.555
-0.064 -5.361 2.555
0.061 -5.361 2.555
0.186 -5.361 2.555
0.311 -5.361 2.555
0.436 -5.361 2.555
0.561 -5.361 2.555
0.686 -5.362 2.555
0.811 -5.362 2.556
0.936 -5.362 2.556
1.061 -5.362 2.556
1.186 -5.362 2.556
1.311 -5.362 2.556
1.436 -5.363 2.557
1.561 -5.363 2.557
1.686 -5.364 2.558
1.811 -5.365 2.559
1.936 -5.365 2.560
2.061 -5.366 2.561
2.187 -5.367 2.562
2.312 -5.368 2.563
2.437 -5.369 2.564
2.562 -5.370 2.564
2.687 -5.370 2.565
2.812 -5.371 2.566
2.937 -5.372 2.566
-2.935 -5.422 2.623
-2.810 -5.423 2.624
-2.685 -5.425 2.626
-2.560 -5.428 2.628
-2.435 -5.430 2.631
-2.311 -5.433 2.634
-2.186 -5.436 2.638
-2.062 -5.439 2.641
-1.937 -5.442 2.644
-1.813 -5.444 2.646
-1.689 -5.446 2.649
-1.564 -5.448 2.651
-1.440 -5.450 2.653
-1.315 -5.451 2.654
-1.190 -5.452 2.655
-1.066 -5.453 2.657
-0.941 -5.454 2.657
-0.816 -5.455 2.658
-0.690 -5.455 2.658
-0.565 -5.455 2.659
-0.440 -5.455 2.659
-0.315 -5.455 2.658
-0.190 -5.455 2.658
-0.065 -5.455 2.658
0.060 -5.455 2.658
0.185 -5.455 2.659
0.310 -5.455 2.659
0.435 -5.455 2.659
0.560 -5.455 2.659
0.685 -5.456 2.659
0.810 -5.456 2.659
0.934 -5.456 2.660
1.060 -5.456 2.660
1.185 -5.456 2.660
1.310 -5.456 2.660
1.435 -5.457 2.661
1.560 -5.457 2.661
1.685 -5.458 2.662
1.810 -5.459 2.663
1.935 -5.460 2.664
2.060 -5.461 2.665
2.185 -5.462 2.666
2.311 -5.462 2.667
2.436 -5.463 2.667
2.561 -5.464 2.668
2.686 -5.465 2.669
2.811 -5.465 2.670
2.936 -5.466 2.671
-2.937 -5.514 2.724
-2.812 -5.516 2.725
-2.687 -5.518 2.728
-2.562 -5.521 2.731
-2.437 -5.524 2.734
-2.313 -5.527 2.738
-2.188 -5.531 2.742
-2.064 -5.534 2.745
-1.940 -5.537 2.748
-1.815 -5.540 2.751
-1.691 -5.542 2.754
-1.567 -5.544 2.756
-1.442 -5.546 2.758
-1.317 -5.547 2.760
-1.193 -5.548 2.761
-1.068 -5.549 2.762
-0.943 -5.550 2.762
-0.817 -5.550 2.763
-0.692 -5.550 2.763
-0.567 -5.551 2.763
-0.442 -5.550 2.763
-0.316 -5.550 2.763
-0.191 -5.550 2.763
-0.066 -5.550 2.763
0.059 -5.550 2.763
0.184 -5.550 2.763
0.309 -5.551 2.763
0.434 -5.551 2.764
0.559 -5.551 2.764
0.683 -5.551 2.764
0.808 -5.551 2.764
0.933 -5.551 2.764
1.058 -5.551 2.764
1.183 -5.551 2.764
1.309 -5.552 2.765
1.434 -5.552 2.765
1.559 -5.553 2.766
1.684 -5.553 2.766
1.809 -5.554 2.767
1.934 -5.555 2.768
2.059 -5.556 2.769
2.184 -5.557 2.770
2.309 -5.558 2.771
2.434 -5.559 2.772
2.559 -5.559 2.773
2.684 -5.560 2.774
2.809 -5.561 2.775
2.934 -5.562 2.776
-2.940 -5.608 2.827
-2.815 -5.610 2.829
-2.690 -5.613 2.832
-2.565 -5.616 2.836
-2.440 -5.620 2.840
-2.316 -5.623 2.844
-2.191 -5.627 2.848
-2.067 -5.631 2.852
-1.943 -5.634 2.855
-1.819 -5.637 2.858
-1.694 -5.639 2.861
-1.570 -5.641 2.863
-1.445 -5.643 2.865
-1.320 -5.644 2.866
-1.195 -5.645 2.868
-1.070 -5.646 2.868
-0.945 -5.647 2.869
-0.819 -5.647 2.869
-0.694 -5.647 2.869
-0.568 -5.647 2.869
-0.443 -5.647 2.869
-0.318 -5.647 2.869
-0.193 -5.647 2.869
-0.067 -5.647 2.869
0.058 -5.647 2.869
0.183 -5.647 2.869
0.308 -5.647 2.869
0.433 -5.647 2.870
0.557 -5.647 2.870
0.682 -5.647 2.870
0.807 -5.647 2.870
0.932 -5.647 2.870
1.057 -5.647 2.870
1.182 -5.647 2.870
1.307 -5.647 2.870
1.433 -5.648 2.870
1.558 -5.648 2.871
1.683 -5.649 2.872
1.808 -5.650 2.873
1.933 -5.651 2.874
2.058 -5.652 2.875
2.183 -5.653 2.876
2.308 -5.654 2.877
2.433 -5.654 2.878
2.558 -5.655 2.879
2.683 -5.656 2.880
2.808 -5.657 2.881
2.933 -5.658 2.881
-2.943 -5.705 2.933
-2.818 -5.707 2.936
-2.693 -5.710 2.939
-2.569 -5.714 2.943
-2.444 -5.717 2.947
-2.319 -5.722 2.951
-2.195 -5.726 2.956
-2.071 -5.729 2.960
-1.946 -5.733 2.964
-1.822 -5.736 2.967
-1.697 -5.738 2.970
-1.573 -5.740 2.972
-1.448 -5.741 2.973
-1.323 -5.742 2.974
-1.197 -5.743 2.975
-1.072 -5.744 2.976
-0.946 -5.744 2.976
-0.821 -5.744 2.976
-0.695 -5.744 2.976
-0.570 -5.744 2.976
-0.445 -5.744 2.976
-0.319 -5.744 2.976
-0.194 -5.744 2.976
-0.069 -5.743 2.976
0.056 -5.744 2.976
0.181 -5.744 2.976
0.306 -5.744 2.976
0.431 -5.744 2.976
0.556 -5.744 2.976
0.681 -5.744 2.976
0.806 -5.744 2.976
0.931 -5.744 2.976
1.056 -5.744 2.976
1.181 -5.744 2.977
1.306 -5.744 2.977
1.431 -5.744 2.977
1.556 -5.745 2.977
1.681 -5.746 2.978
1.806 -5.746 2.979
1.932 -5.747 2.980
2.057 -5.748 2.981
2.182 -5.749 2.982
2.307 -5.750 2.983
2.432 -5.751 2.984
2.557 -5.752 2.985
2.682 -5.753 2.986
2.807 -5.753 2.987
2.932 -5.754 2.988
-2.947 -5.803 3.042
-2.822 -5.806 3.044
-2.698 -5.809 3.048
-2.573 -5.813 3.052
-2.448 -5.816 3.056
-2.323 -5.821 3.061
-2.199 -5.825 3.066
-2.074 -5.829 3.070
-1.950 -5.833 3.074
-1.825 -5.835 3.077
-1.700 -5.837 3.079
-1.575 -5.839 3.081
-1.450 -5.840 3.082
-1.325 -5.841 3.083
-1.199 -5.842 3.084
-1.074 -5.842 3.084
-0.948 -5.842 3.085
-0.822 -5.842 3.084
-0.697 -5.842 3.084
-0.571 -5.842 3.084
-0.446 -5.841 3.084
-0.320 -5.841 3.084
-0.195 -5.841 3.084
-0.070 -5.841 3.084
0.055 -5.841 3.084
0.180 -5.841 3.084
0.305 -5.841 3.084
0.430 -5.841 3.084
0.555 -5.841 3.084
0.680 -5.841 3.084
0.805 -5.841 3.083
0.930 -5.841 3.083
1.055 -5.841 3.083
1.180 -5.840 3.084
1.305 -5.841 3.084
1.430 -5.841 3.084
1.555 -5.841 3.085
1.680 -5.842 3.085
1.805 -5.843 3.086
1.930 -5.843 3.087
2.055 -5.845 3.087
2.180 -5.846 3.088
2.305 -5.846 3.089
2.430 -5.847 3.091
2.555 -5.848 3.092
2.680 -5.849 3.092
2.805 -5.850 3.093
2.930 -5.851 3.094
-2.952 -5.902 3.152
-2.827 -5.905 3.155
-2.702 -5.908 3.158
-2.577 -5.912 3.162
-2.452 -5.916 3.167
-2.327 -5.920 3.171
-2.202 -5.925 3.176
-2.078 -5.929 3.180
-1.953 -5.932 3.184
-1.828 -5.934 3.187
-1.703 -5.936 3.189
-1.577 -5.938 3.191
-1.452 -5.939 3.192
-1.326 -5.939 3.192
-1.201 -5.940 3.192
-1.075 -5.940 3.193
-0.949 -5.939 3.193
-0.823 -5.939 3.193
-0.698 -5.939 3.192
-0.572 -5.939 3.192
-0.447 -5.938 3.192
-0.321 -5.938 3.192
-0.196 -5.938 3.192
-0.071 -5.938 3.191
0.055 -5.938 3.191
0.180 -5.938 3.191
0.305 -5.939 3.191
0.430 -5.938 3.191
0.555 -5.938 3.191
0.680 -5.938 3.191
0.805 -5.938 3.190
0.930 -5.938 3.190
1.055 -5.937 3.190
1.180 -5.936 3.191
1.305 -5.937 3.191
1.430 -5.937 3.192
1.555 -5.937 3.192
1.679 -5.938 3.192
1.804 -5.939 3.193
1.929 -5.939 3.194
2.054 -5.941 3.194
2.179 -5.942 3.195
2.304 -5.943 3.196
2.429 -5.943 3.197
2.554 -5.944 3.198
2.679 -5.946 3.199
2.804 -5.946 3.200
2.929 -5.947 3.201
-2.955 -6.001 3.263
-2.830 -6.004 3.265
-2.705 -6.006 3.268
-2.580 -6.009 3.273
-2.455 -6.013 3.277
-2.330 -6.018 3.282
-2.205 -6.023 3.286
-2.080 -6.028 3.290
-1.955 -6.031 3.293
-1.830 -6.032 3.297
-1.704 -6.034 3.298
-1.579 -6.035 3.299
-1.453 -6.036 3.300
-1.327 -6.036 3.300
-1.201 -6.037 3.300
-1.075 -6.037 3.300
-0.950 -6.037 3.300
-0.824 -6.036 3.300
-0.698 -6.036 3.299
-0.572 -6.036 3.299
-0.447 -6.035 3.299
-0.322 -6.035 3.299
-0.196 -6.035 3.299
-0.071 -6.035 3.298
0.054 -6.035 3.298
0.179 -6.035 3.298
0.304 -6.035 3.297
0.429 -6.035 3.297
0.554 -6.035 3.297
0.679 -6.035 3.297
0.805 -6.034 3.297
0.930 -6.034 3.297
1.055 -6.033 3.297
1.179 -6.032 3.298
1.304 -6.031 3.299
1.429 -6.031 3.299
1.554 -6.032 3.299
1.679 -6.032 3.300
1.804 -6.033 3.300
1.928 -6.034 3.300
2.053 -6.036 3.300
2.178 -6.037 3.301
2.303 -6.038 3.302
2.428 -6.039 3.303
2.553 -6.040 3.304
2.678 -6.042 3.305
2.802 -6.042 3.306
2.927 -6.042 3.307
-2.958 -6.098 3.372
-2.833 -6.101 3.374
-2.708 -6.102 3.378
-2.583 -6.105 3.382
-2.458 -6.109 3.387
-2.333 -6.114 3.391
-2.208 -6.119 3.395
-2.082 -6.124 3.398
-1.957 -6.126 3.402
-1.831 -6.127 3.405
-1.705 -6.129 3.406
-1.579 -6.130 3.406
-1.453 -6.132 3.406
-1.327 -6.132 3.406
-1.201 -6.132 3.406
-1.075 -6.132 3.406
-0.949 -6.131 3.406
-0.824 -6.130 3.406
-0.698 -6.130 3.406
-0.573 -6.129 3.406
-0.447 -6.128 3.406
-0.322 -6.128 3.406
-0.197 -6.128 3.406
-0.071 -6.129 3.405
0.054 -6.129 3.404
0.179 -6.129 3.404
0.304 -6.129 3.404
0.429 -6.129 3.403
0.554 -6.129 3.403
0.679 -6.129 3.402
0.805 -6.128 3.402
0.930 -6.127 3.402
1.055 -6.127 3.403
1.179 -6.127 3.402
1.304 -6.126 3.403
1.429 -6.126 3.403
1.554 -6.127 3.403
1.678 -6.127 3.404
1.803 -6.128 3.404
1.928 -6.128 3.405
2.053 -6.130 3.405
2.177 -6.132 3.405
2.302 -6.133 3.406
2.427 -6.134 3.408
2.552 -6.134 3.409
2.677 -6.135 3.410
2.801 -6.136 3.411
2.926 -6.134 3.414
-2.960 -6.193 3.477
-2.835 -6.194 3.480
-2.710 -6.194 3.484
-2.585 -6.197 3.488
-2.460 -6.201 3.493
-2.335 -6.206 3.497
-2.210 -6.211 3.500
-2.084 -6.215 3.504
-1.958 -6.217 3.508
-1.832 -6.218 3.510
-1.705 -6.221 3.510
-1.579 -6.223 3.510
-1.453 -6.223 3.510
-1.327 -6.222 3.511
-1.201 -6.222 3.511
-1.075 -6.221 3.512
-0.949 -6.220 3.512
-0.823 -6.219 3.513
-0.698 -6.218 3.513
-0.572 -6.217 3.513
-0.447 -6.216 3.514
-0.322 -6.216 3.513
-0.197 -6.216 3.513
-0.071 -6.217 3.512
0.054 -6.217 3.511
0.179 -6.218 3.510
0.304 -6.218 3.510
0.429 -6.218 3.509
0.555 -6.218 3.509
0.680 -6.218 3.508
0.805 -6.217 3.508
0.930 -6.216 3.507
1.055 -6.217 3.507
1.180 -6.218 3.506
1.304 -6.218 3.506
1.429 -6.218 3.507
1.553 -6.218 3.507
1.678 -6.219 3.507
1.803 -6.219 3.507
1.927 -6.219 3.508
2.052 -6.219 3.509
2.177 -6.220 3.510
2.301 -6.221 3.511
2.426 -6.222 3.513
2.551 -6.222 3.515
2.676 -6.223 3.516
2.801 -6.223 3.518
2.926 -6.220 3.521
-2.962 -6.281 3.580
-2.837 -6.281 3.583
-2.712 -6.281 3.587
-2.588 -6.284 3.591
-2.463 -6.288 3.595
-2.338 -6.294 3.599
-2.212 -6.299 3.603
-2.086 -6.301 3.607
-1.959 -6.302 3.611
-1.832 -6.304 3.613
-1.706 -6.308 3.612
-1.579 -6.310 3.612
-1.453 -6.308 3.614
-1.326 -6.306 3.615
-1.200 -6.305 3.616
-1.075 -6.303 3.617
-0.949 -6.301 3.618
-0.823 -6.300 3.619
-0.698 -6.299 3.620
-0.572 -6.297 3.620
-0.447 -6.297 3.621
-0.322 -6.296 3.620
-0.196 -6.297 3.620
-0.071 -6.297 3.619
0.054 -6.298 3.618
0.179 -6.299 3.617
0.304 -6.299 3.616
0.430 -6.299 3.615
0.555 -6.299 3.614
0.680 -6.299 3.613
0.805 -6.299 3.613
0.930 -6.299 3.612
1.055 -6.300 3.611
1.180 -6.300 3.611
1.304 -6.298 3.612
1.429 -6.298 3.612
1.553 -6.300 3.612
1.678 -6.301 3.611
1.802 -6.302 3.611
1.927 -6.302 3.612
2.051 -6.302 3.613
2.176 -6.303 3.614
2.301 -6.304 3.615
2.425 -6.304 3.617
2.550 -6.304 3.619
2.675 -6.305 3.621
2.800 -6.303 3.624
2.925 -6.299 3.627
-2.964 -6.363 3.681
-2.840 -6.362 3.684
-2.715 -6.363 3.687
-2.591 -6.365 3.691
-2.467 -6.370 3.695
-2.341 -6.376 3.699
-2.215 -6.381 3.703
-2.088 -6.383 3.707
-1.961 -6.385 3.710
-1.834 -6.388 3.711
-1.706 -6.393 3.710
-1.579 -6.393 3.711
-1.453 -6.389 3.714
-1.326 -6.387 3.715
-1.200 -6.385 3.717
-1.074 -6.383 3.718
-0.949 -6.381 3.720
-0.823 -6.380 3.721
-0.698 -6.378 3.721
-0.572 -6.377 3.722
-0.447 -6.376 3.722
-0.321 -6.376 3.722
-0.196 -6.376 3.722
-0.071 -6.377 3.721
0.054 -6.378 3.720
0.180 -6.378 3.719
0.305 -6.379 3.718
0.430 -6.379 3.717
0.556 -6.379 3.716
0.681 -6.379 3.715
0.806 -6.378 3.715
0.931 -6.377 3.714
1.055 -6.377 3.714
1.180 -6.376 3.715
1.304 -6.374 3.716
1.429 -6.375 3.716
1.553 -6.377 3.715
1.677 -6.379 3.713
1.802 -6.380 3.713
1.926 -6.380 3.714
2.051 -6.380 3.715
2.175 -6.382 3.715
2.299 -6.384 3.716
2.424 -6.384 3.718
2.549 -6.384 3.721
2.674 -6.384 3.723
2.800 -6.382 3.725
2.925 -6.378 3.728
