-2.749 -2.4179999999999997 -0.936
-2.249 -2.4179999999999997 -0.935
-1.749 -2.419 -0.935
-1.249 -2.419 -0.935
-0.749 -2.419 -0.935
-0.249 -2.419 -0.935
0.251 -2.419 -0.935
0.751 -2.419 -0.935
1.251 -2.4199999999999995 -0.934
1.751 -2.4199999999999995 -0.934
2.251 -2.4199999999999995 -0.934
2.751 -2.421 -0.935
-2.749 -2.754 -0.566
-2.249 -2.754 -0.565
-1.749 -2.754 -0.565
-1.249 -2.754 -0.565
-0.749 -2.754 -0.564
-0.249 -2.7550000000000003 -0.564
0.251 -2.7550000000000003 -0.565
0.751 -2.7550000000000003 -0.565
1.251 -2.756 -0.564
1.751 -2.756 -0.564
2.251 -2.756 -0.564
2.751 -2.756 -0.563
-2.749 -3.0900000000000003 -0.196
-2.249 -3.0900000000000003 -0.195
-1.749 -3.0900000000000003 -0.195
-1.249 -3.0900000000000003 -0.195
-0.749 -3.0900000000000003 -0.195
-0.249 -3.0909999999999997 -0.195
0.251 -3.0909999999999997 -0.195
0.751 -3.0909999999999997 -0.195
1.251 -3.0909999999999997 -0.195
1.751 -3.092 -0.194
2.251 -3.092 -0.194
2.751 -3.0909999999999997 -0.194
-2.750 -3.427 0.174
-2.250 -3.427 0.174
-1.750 -3.427 0.174
-1.250 -3.427 0.175
-0.750 -3.427 0.175
-0.250 -3.427 0.175
0.250 -3.427 0.175
0.750 -3.427 0.175
1.250 -3.427 0.176
1.750 -3.427 0.176
2.250 -3.4279999999999995 0.176
2.750 -3.4279999999999995 0.176
-2.750 -3.7630000000000003 0.545
-2.250 -3.7630000000000003 0.545
-1.750 -3.7630000000000003 0.545
-1.250 -3.764 0.545
-0.750 -3.764 0.545
-0.250 -3.764 0.545
0.250 -3.764 0.546
0.750 -3.764 0.546
1.250 -3.764 0.546
1.750 -3.764 0.546
2.250 -3.765 0.546
2.750 -3.765 0.546
-2.750 -4.101 0.916
-2.250 -4.101 0.917
-1.750 -4.101 0.916
-1.250 -4.101 0.917
-0.750 -4.101 0.917
-0.250 -4.102 0.917
0.250 -4.102 0.917
0.750 -4.102 0.917
1.250 -4.102 0.917
1.750 -4.102 0.918
2.250 -4.102 0.918
2.750 -4.103000000000001 0.918
-2.750 -4.44 1.289
-2.250 -4.44 1.289
-1.750 -4.44 1.289
-1.250 -4.44 1.289
-0.750 -4.44 1.289
-0.250 -4.441000000000001 1.290
0.250 -4.441000000000001 1.290
0.750 -4.441000000000001 1.290
1.250 -4.441000000000001 1.290
1.750 -4.441000000000001 1.290
2.250 -4.441000000000001 1.291
2.750 -4.442 1.291
-2.750 -4.779 1.662
-2.250 -4.779 1.663
-1.750 -4.78 1.663
-1.250 -4.78 1.663
-0.750 -4.78 1.663
-0.250 -4.78 1.663
0.250 -4.78 1.664
0.750 -4.78 1.664
1.250 -4.781000000000001 1.664
1.750 -4.781000000000001 1.664
2.250 -4.781000000000001 1.664
2.750 -4.781000000000001 1.665
-2.751 -5.118 2.035
-2.251 -5.118 2.035
-1.751 -5.118 2.036
-1.251 -5.119000000000001 2.036
-0.751 -5.119000000000001 2.036
-0.251 -5.119000000000001 2.036
0.249 -5.119000000000001 2.036
0.749 -5.119000000000001 2.037
1.249 -5.119000000000001 2.037
1.749 -5.12 2.037
2.249 -5.12 2.037
2.749 -5.12 2.038
-2.751 -5.446000000000001 2.414
-2.251 -5.445 2.415
-1.751 -5.445 2.415
-1.251 -5.445 2.415
-0.751 -5.446000000000001 2.415
-0.251 -5.446000000000001 2.416
0.249 -5.446000000000001 2.416
0.749 -5.446000000000001 2.416
1.249 -5.446000000000001 2.417
1.749 -5.446000000000001 2.417
2.249 -5.446000000000001 2.417
2.749 -5.445 2.418
-2.751 -5.785 2.784
-2.251 -5.784000000000001 2.785
-1.751 -5.784000000000001 2.785
-1.251 -5.783 2.786
-0.751 -5.783 2.786
-0.251 -5.784000000000001 2.786
0.249 -5.784000000000001 2.787
0.749 -5.784000000000001 2.787
1.249 -5.784000000000001 2.787
1.749 -5.784000000000001 2.788
2.249 -5.783 2.788
2.748 -5.783 2.789
-2.752 -6.112 3.178
-2.251 -6.111000000000001 3.177
-1.752 -6.111000000000001 3.177
-1.252 -6.111000000000001 3.177
-0.752 -6.111000000000001 3.178
-0.252 -6.111000000000001 3.178
0.248 -6.111000000000001 3.178
0.748 -6.111000000000001 3.179
1.248 -6.111000000000001 3.179
1.748 -6.111000000000001 3.179
2.249 -6.111000000000001 3.180
2.749 -6.109 3.178
