-2.876 -2.247 -0.808
-2.626 -2.248 -0.809
-2.376 -2.248 -0.809
-2.126 -2.248 -0.809
-1.876 -2.248 -0.809
-1.625 -2.248 -0.809
-1.375 -2.249 -0.809
-1.125 -2.249 -0.809
-0.876 -2.249 -0.808
-0.626 -2.249 -0.808
-0.376 -2.249 -0.808
-0.126 -2.249 -0.808
0.124 -2.249 -0.808
0.374 -2.249 -0.808
0.624 -2.249 -0.808
0.874 -2.249 -0.808
1.124 -2.249 -0.808
1.374 -2.249 -0.808
1.624 -2.249 -0.808
1.873 -2.249 -0.808
2.123 -2.249 -0.809
2.373 -2.248 -0.809
2.622 -2.248 -0.810
2.872 -2.246 -0.810
-2.876 -2.416 -0.623
-2.626 -2.416 -0.623
-2.376 -2.415 -0.623
-2.126 -2.415 -0.623
-1.876 -2.415 -0.623
-1.626 -2.415 -0.623
-1.376 -2.416 -0.623
-1.126 -2.416 -0.622
-0.876 -2.416 -0.622
-0.626 -2.416 -0.622
-0.376 -2.416 -0.622
-0.126 -2.416 -0.622
0.124 -2.416 -0.622
0.374 -2.416 -0.622
0.624 -2.416 -0.622
0.874 -2.416 -0.622
1.124 -2.416 -0.622
1.374 -2.416 -0.622
1.624 -2.416 -0.622
1.874 -2.416 -0.622
2.124 -2.416 -0.622
2.373 -2.416 -0.623
2.623 -2.415 -0.623
2.873 -2.415 -0.624
-2.876 -2.584 -0.437
-2.626 -2.584 -0.437
-2.376 -2.584 -0.438
-2.125 -2.584 -0.438
-1.875 -2.584 -0.438
-1.625 -2.584 -0.438
-1.375 -2.584 -0.437
-1.125 -2.584 -0.437
-0.875 -2.585 -0.437
-0.626 -2.585 -0.437
-0.376 -2.585 -0.437
-0.126 -2.585 -0.437
0.124 -2.585 -0.437
0.374 -2.585 -0.437
0.624 -2.585 -0.437
0.875 -2.585 -0.437
1.125 -2.585 -0.437
1.375 -2.585 -0.437
1.624 -2.585 -0.437
1.874 -2.585 -0.437
2.124 -2.584 -0.437
2.374 -2.584 -0.437
2.624 -2.583 -0.438
2.874 -2.584 -0.440
-2.875 -2.753 -0.251
-2.625 -2.753 -0.252
-2.375 -2.753 -0.252
-2.125 -2.753 -0.252
-1.875 -2.752 -0.252
-1.625 -2.753 -0.252
-1.375 -2.753 -0.252
-1.125 -2.753 -0.252
-0.875 -2.753 -0.252
-0.625 -2.754 -0.251
-0.375 -2.754 -0.251
-0.125 -2.754 -0.251
0.125 -2.754 -0.251
0.375 -2.754 -0.251
0.625 -2.754 -0.251
0.875 -2.753 -0.251
1.125 -2.754 -0.251
1.375 -2.753 -0.251
1.625 -2.754 -0.251
1.875 -2.753 -0.251
2.125 -2.753 -0.251
2.375 -2.754 -0.252
2.625 -2.752 -0.252
2.875 -2.752 -0.253
-2.874 -2.922 -0.065
-2.624 -2.922 -0.065
-2.374 -2.922 -0.066
-2.125 -2.922 -0.066
-1.875 -2.921 -0.066
-1.625 -2.922 -0.066
-1.375 -2.922 -0.066
-1.125 -2.922 -0.066
-0.875 -2.922 -0.066
-0.625 -2.922 -0.066
-0.375 -2.923 -0.065
-0.125 -2.923 -0.065
0.125 -2.923 -0.066
0.375 -2.923 -0.066
0.626 -2.923 -0.066
0.876 -2.923 -0.065
1.126 -2.923 -0.065
1.376 -2.923 -0.065
1.626 -2.923 -0.065
1.876 -2.922 -0.065
2.126 -2.922 -0.065
2.376 -2.922 -0.066
2.626 -2.922 -0.067
2.876 -2.921 -0.066
-2.874 -3.092 0.121
-2.624 -3.092 0.121
-2.374 -3.091 0.120
-2.124 -3.091 0.120
-1.874 -3.091 0.120
-1.624 -3.091 0.120
-1.374 -3.091 0.120
-1.124 -3.091 0.121
-0.874 -3.091 0.121
-0.624 -3.092 0.121
-0.374 -3.092 0.121
-0.124 -3.092 0.121
0.126 -3.092 0.121
0.376 -3.092 0.121
0.626 -3.092 0.121
0.876 -3.092 0.121
1.126 -3.092 0.121
1.376 -3.092 0.121
1.626 -3.092 0.121
1.876 -3.092 0.121
2.126 -3.092 0.121
2.376 -3.092 0.121
2.626 -3.092 0.120
2.876 -3.092 0.120
-2.874 -3.261 0.307
-2.624 -3.261 0.307
-2.374 -3.261 0.308
-2.124 -3.262 0.307
-1.874 -3.261 0.307
-1.624 -3.261 0.307
-1.374 -3.261 0.307
-1.124 -3.261 0.307
-0.874 -3.261 0.308
-0.624 -3.261 0.308
-0.374 -3.261 0.308
-0.124 -3.262 0.308
0.126 -3.262 0.308
0.376 -3.262 0.308
0.626 -3.262 0.308
0.876 -3.262 0.308
1.126 -3.262 0.308
1.376 -3.262 0.308
1.626 -3.262 0.308
1.876 -3.262 0.308
2.126 -3.262 0.307
2.376 -3.262 0.307
2.626 -3.261 0.307
2.876 -3.263 0.306
-2.874 -3.431 0.495
-2.624 -3.432 0.494
-2.375 -3.432 0.495
-2.125 -3.432 0.494
-1.875 -3.432 0.494
-1.625 -3.431 0.495
-1.375 -3.431 0.495
-1.125 -3.432 0.495
-0.875 -3.432 0.495
-0.625 -3.432 0.495
-0.375 -3.432 0.495
-0.125 -3.432 0.495
0.125 -3.432 0.495
0.375 -3.432 0.495
0.626 -3.432 0.495
0.876 -3.432 0.496
1.126 -3.432 0.496
1.376 -3.433 0.495
1.626 -3.433 0.496
1.876 -3.433 0.495
2.126 -3.432 0.495
2.376 -3.432 0.495
2.626 -3.432 0.495
2.876 -3.433 0.495
-2.875 -3.602 0.683
-2.625 -3.603 0.683
-2.375 -3.603 0.683
-2.125 -3.602 0.683
-1.875 -3.603 0.682
-1.625 -3.603 0.683
-1.375 -3.603 0.683
-1.125 -3.603 0.683
-0.875 -3.603 0.684
-0.625 -3.603 0.683
-0.375 -3.603 0.683
-0.125 -3.603 0.684
0.125 -3.603 0.684
0.375 -3.603 0.684
0.625 -3.603 0.684
0.875 -3.603 0.684
1.125 -3.603 0.684
1.375 -3.604 0.684
1.625 -3.603 0.684
1.875 -3.603 0.684
2.126 -3.604 0.684
2.376 -3.604 0.684
2.626 -3.604 0.683
2.876 -3.604 0.684
-2.876 -3.774 0.872
-2.626 -3.774 0.872
-2.375 -3.774 0.872
-2.125 -3.774 0.872
-1.875 -3.774 0.872
-1.625 -3.774 0.872
-1.375 -3.774 0.872
-1.125 -3.774 0.872
-0.875 -3.775 0.872
-0.625 -3.775 0.873
-0.375 -3.775 0.873
-0.125 -3.775 0.873
0.125 -3.775 0.873
0.375 -3.775 0.873
0.625 -3.775 0.873
0.875 -3.775 0.873
1.125 -3.775 0.873
1.375 -3.775 0.873
1.625 -3.775 0.873
1.875 -3.776 0.873
2.125 -3.775 0.873
2.375 -3.775 0.873
2.625 -3.775 0.873
2.875 -3.776 0.873
-2.876 -3.946 1.061
-2.626 -3.946 1.061
-2.376 -3.946 1.061
-2.126 -3.946 1.061
-1.875 -3.947 1.061
-1.625 -3.947 1.061
-1.375 -3.947 1.062
-1.125 -3.947 1.062
-0.875 -3.947 1.062
-0.626 -3.947 1.063
-0.376 -3.948 1.063
-0.126 -3.948 1.063
0.124 -3.948 1.063
0.374 -3.948 1.063
0.624 -3.948 1.063
0.874 -3.948 1.063
1.124 -3.948 1.063
1.374 -3.948 1.063
1.624 -3.948 1.063
1.875 -3.948 1.063
2.125 -3.948 1.063
2.375 -3.948 1.063
2.625 -3.948 1.063
2.875 -3.948 1.063
-2.876 -4.120 1.252
-2.626 -4.120 1.252
-2.376 -4.120 1.252
-2.126 -4.120 1.252
-1.876 -4.120 1.252
-1.626 -4.120 1.252
-1.376 -4.120 1.252
-1.126 -4.120 1.253
-0.876 -4.121 1.253
-0.626 -4.121 1.253
-0.376 -4.121 1.254
-0.126 -4.121 1.253
0.124 -4.121 1.253
0.374 -4.121 1.254
0.624 -4.121 1.253
0.874 -4.121 1.253
1.124 -4.121 1.254
1.374 -4.121 1.254
1.624 -4.122 1.254
1.874 -4.122 1.254
2.125 -4.122 1.253
2.375 -4.122 1.254
2.625 -4.122 1.254
2.875 -4.122 1.254
-2.876 -4.294 1.443
-2.626 -4.295 1.443
-2.376 -4.295 1.444
-2.126 -4.295 1.444
-1.876 -4.294 1.444
-1.626 -4.294 1.444
-1.376 -4.294 1.444
-1.126 -4.295 1.444
-0.876 -4.295 1.445
-0.626 -4.295 1.445
-0.376 -4.296 1.445
-0.126 -4.296 1.445
0.123 -4.296 1.445
0.373 -4.295 1.446
0.623 -4.296 1.445
0.873 -4.296 1.445
1.124 -4.296 1.446
1.374 -4.296 1.446
1.624 -4.296 1.446
1.875 -4.296 1.446
2.125 -4.296 1.446
2.375 -4.296 1.446
2.625 -4.297 1.446
2.875 -4.296 1.447
-2.877 -4.470 1.637
-2.627 -4.471 1.636
-2.377 -4.470 1.637
-2.126 -4.470 1.637
-1.876 -4.470 1.638
-1.626 -4.471 1.638
-1.376 -4.471 1.638
-1.126 -4.471 1.638
-0.876 -4.471 1.639
-0.626 -4.472 1.639
-0.377 -4.472 1.639
-0.127 -4.472 1.639
0.123 -4.472 1.639
0.373 -4.472 1.639
0.623 -4.472 1.639
0.873 -4.472 1.639
1.124 -4.472 1.639
1.374 -4.472 1.639
1.624 -4.472 1.640
1.875 -4.473 1.639
2.125 -4.473 1.640
2.375 -4.473 1.640
2.625 -4.473 1.641
2.875 -4.473 1.640
-2.877 -4.648 1.833
-2.627 -4.648 1.833
-2.377 -4.648 1.833
-2.126 -4.648 1.833
-1.876 -4.649 1.833
-1.626 -4.648 1.834
-1.377 -4.649 1.834
-1.127 -4.649 1.834
-0.877 -4.649 1.835
-0.627 -4.649 1.835
-0.377 -4.650 1.835
-0.127 -4.650 1.835
0.123 -4.650 1.835
0.373 -4.650 1.835
0.623 -4.650 1.835
0.874 -4.650 1.835
1.124 -4.650 1.835
1.374 -4.650 1.835
1.624 -4.651 1.835
1.875 -4.650 1.836
2.125 -4.651 1.836
2.375 -4.651 1.836
2.625 -4.651 1.836
2.875 -4.651 1.836
-2.876 -4.828 2.031
-2.626 -4.828 2.031
-2.376 -4.828 2.031
-2.126 -4.828 2.031
-1.876 -4.828 2.032
-1.626 -4.829 2.032
-1.377 -4.829 2.032
-1.127 -4.829 2.032
-0.877 -4.830 2.033
-0.627 -4.830 2.033
-0.377 -4.830 2.033
-0.127 -4.830 2.033
0.123 -4.830 2.033
0.373 -4.830 2.033
0.623 -4.830 2.033
0.874 -4.830 2.033
1.124 -4.830 2.033
1.374 -4.830 2.033
1.624 -4.830 2.033
1.874 -4.830 2.034
2.124 -4.831 2.034
2.374 -4.831 2.034
2.625 -4.831 2.035
2.875 -4.831 2.035
-2.876 -5.010 2.231
-2.626 -5.010 2.231
-2.376 -5.010 2.231
-2.126 -5.010 2.232
-1.876 -5.011 2.232
-1.626 -5.011 2.233
-1.377 -5.011 2.233
-1.127 -5.012 2.233
-0.877 -5.012 2.233
-0.627 -5.012 2.234
-0.377 -5.012 2.234
-0.127 -5.012 2.234
0.123 -5.012 2.234
0.373 -5.012 2.233
0.624 -5.012 2.234
0.874 -5.012 2.233
1.124 -5.012 2.233
1.374 -5.012 2.234
1.624 -5.012 2.234
1.874 -5.013 2.234
2.124 -5.013 2.235
2.374 -5.013 2.235
2.624 -5.014 2.235
2.874 -5.014 2.235
-2.876 -5.194 2.434
-2.626 -5.194 2.434
-2.376 -5.195 2.434
-2.126 -5.195 2.435
-1.876 -5.196 2.435
-1.626 -5.196 2.436
-1.376 -5.196 2.436
-1.127 -5.196 2.436
-0.877 -5.197 2.436
-0.627 -5.197 2.436
-0.377 -5.197 2.436
-0.126 -5.197 2.437
0.124 -5.196 2.436
0.374 -5.197 2.436
0.624 -5.197 2.436
0.874 -5.196 2.436
1.124 -5.196 2.436
1.373 -5.197 2.436
1.623 -5.197 2.436
1.873 -5.197 2.437
2.123 -5.198 2.437
2.373 -5.198 2.438
2.623 -5.198 2.438
2.873 -5.198 2.439
-2.875 -5.381 2.639
-2.625 -5.381 2.639
-2.376 -5.381 2.640
-2.126 -5.382 2.640
-1.876 -5.382 2.641
-1.626 -5.383 2.641
-1.376 -5.383 2.642
-1.126 -5.383 2.642
-0.876 -5.383 2.642
-0.626 -5.383 2.642
-0.376 -5.383 2.642
-0.126 -5.383 2.642
0.124 -5.383 2.642
0.374 -5.383 2.642
0.624 -5.383 2.641
0.874 -5.383 2.641
1.123 -5.383 2.642
1.373 -5.383 2.642
1.623 -5.384 2.642
1.873 -5.384 2.642
2.123 -5.384 2.643
2.373 -5.385 2.643
2.623 -5.385 2.644
2.873 -5.385 2.644
-2.875 -5.569 2.847
-2.625 -5.570 2.847
-2.376 -5.570 2.848
-2.126 -5.571 2.848
-1.876 -5.571 2.849
-1.626 -5.572 2.849
-1.376 -5.572 2.850
-1.126 -5.572 2.850
-0.876 -5.572 2.850
-0.626 -5.572 2.849
-0.376 -5.572 2.849
-0.126 -5.572 2.849
0.124 -5.572 2.849
0.374 -5.572 2.849
0.624 -5.572 2.849
0.874 -5.571 2.849
1.123 -5.572 2.849
1.373 -5.572 2.849
1.623 -5.572 2.850
1.873 -5.572 2.850
2.123 -5.573 2.850
2.372 -5.573 2.851
2.622 -5.573 2.851
2.872 -5.574 2.852
-2.876 -5.759 3.057
-2.626 -5.759 3.057
-2.376 -5.760 3.056
-2.126 -5.761 3.057
-1.876 -5.761 3.058
-1.626 -5.762 3.058
-1.376 -5.762 3.058
-1.126 -5.762 3.058
-0.876 -5.762 3.058
-0.626 -5.762 3.058
-0.376 -5.761 3.058
-0.125 -5.761 3.058
0.124 -5.761 3.057
0.374 -5.761 3.057
0.624 -5.761 3.057
0.874 -5.761 3.058
1.124 -5.761 3.058
1.373 -5.761 3.059
1.623 -5.761 3.059
1.873 -5.762 3.059
2.122 -5.763 3.060
2.372 -5.763 3.060
2.621 -5.762 3.060
2.871 -5.763 3.059
-2.876 -5.944 3.268
-2.626 -5.947 3.264
-2.376 -5.947 3.265
-2.126 -5.948 3.265
-1.875 -5.949 3.265
-1.625 -5.949 3.265
-1.375 -5.949 3.266
-1.125 -5.948 3.268
-0.875 -5.947 3.268
-0.625 -5.947 3.268
-0.375 -5.947 3.267
-0.125 -5.947 3.267
0.125 -5.947 3.266
0.375 -5.947 3.266
0.624 -5.947 3.266
0.874 -5.946 3.266
1.124 -5.946 3.267
1.373 -5.947 3.267
1.623 -5.947 3.268
1.873 -5.948 3.268
2.122 -5.949 3.268
2.372 -5.950 3.267
2.621 -5.948 3.266
2.871 -5.946 3.266
-2.875 -6.116 3.481
-2.626 -6.127 3.468
-2.376 -6.128 3.467
-2.126 -6.127 3.468
-1.875 -6.128 3.468
-1.625 -6.128 3.469
-1.375 -6.128 3.470
-1.125 -6.127 3.471
-0.875 -6.127 3.470
-0.625 -6.127 3.470
-0.375 -6.127 3.469
-0.125 -6.127 3.469
0.125 -6.127 3.468
0.375 -6.127 3.468
0.625 -6.127 3.468
0.874 -6.127 3.468
1.124 -6.127 3.469
1.374 -6.128 3.469
1.623 -6.129 3.469
1.873 -6.130 3.469
2.123 -6.131 3.468
2.372 -6.127 3.470
2.622 -6.123 3.471
2.872 -6.118 3.472
-2.873 -6.287 3.675
-2.623 -6.287 3.668
-2.374 -6.284 3.669
-2.125 -6.284 3.670
-1.875 -6.285 3.670
-1.625 -6.286 3.670
-1.375 -6.286 3.670
-1.124 -6.286 3.671
-0.874 -6.285 3.670
-0.624 -6.285 3.670
-0.374 -6.285 3.670
-0.125 -6.286 3.669
0.125 -6.286 3.668
0.375 -6.286 3.668
0.625 -6.286 3.668
0.874 -6.286 3.668
1.124 -6.286 3.669
1.373 -6.286 3.669
1.623 -6.287 3.669
1.873 -6.287 3.670
2.123 -6.288 3.670
2.374 -6.290 3.668
2.625 -6.286 3.668
2.875 -6.282 3.665
