0.000 -2.252 -0.009
0.086 -2.336 -0.009
0.174 -2.401 0.047
0.261 -2.471 0.110
0.349 -2.540 0.174
0.435 -2.609 0.238
0.522 -2.674 0.303
0.609 -2.738 0.370
0.696 -2.802 0.437
0.782 -2.864 0.506
0.869 -2.927 0.575
0.954 -2.990 0.644
1.039 -3.053 0.714
1.124 -3.116 0.783
1.208 -3.179 0.852
1.292 -3.242 0.921
1.376 -3.305 0.990
1.458 -3.367 1.059
1.540 -3.430 1.128
1.622 -3.492 1.196
1.703 -3.554 1.264
1.784 -3.615 1.332
1.864 -3.676 1.399
1.944 -3.738 1.466
2.024 -3.798 1.533
-0.086 -2.336 -0.009
0.000 -2.399 0.045
0.087 -2.466 0.105
0.174 -2.534 0.167
0.261 -2.602 0.230
0.348 -2.669 0.294
0.435 -2.732 0.362
0.522 -2.794 0.430
0.608 -2.856 0.499
0.694 -2.919 0.567
0.780 -2.982 0.636
0.866 -3.045 0.704
0.951 -3.107 0.773
1.035 -3.170 0.842
1.119 -3.233 0.912
1.203 -3.296 0.980
1.286 -3.359 1.049
1.369 -3.421 1.118
1.450 -3.483 1.187
1.532 -3.545 1.255
1.613 -3.607 1.323
1.694 -3.669 1.391
1.774 -3.730 1.458
1.855 -3.791 1.525
1.934 -3.851 1.591
-0.174 -2.401 0.047
-0.087 -2.466 0.105
0.000 -2.532 0.165
0.087 -2.598 0.226
0.174 -2.664 0.288
0.261 -2.727 0.355
0.347 -2.789 0.423
0.434 -2.850 0.491
0.520 -2.912 0.560
0.606 -2.974 0.627
0.692 -3.037 0.696
0.777 -3.099 0.764
0.862 -3.162 0.833
0.947 -3.224 0.902
1.031 -3.287 0.971
1.114 -3.349 1.040
1.197 -3.412 1.108
1.279 -3.474 1.177
1.361 -3.536 1.246
1.443 -3.599 1.313
1.524 -3.661 1.381
1.605 -3.722 1.449
1.685 -3.783 1.516
1.765 -3.844 1.583
1.845 -3.904 1.650
-0.261 -2.471 0.110
-0.174 -2.534 0.167
-0.087 -2.598 0.226
0.000 -2.663 0.286
0.087 -2.724 0.351
0.173 -2.784 0.419
0.260 -2.845 0.486
0.347 -2.907 0.553
0.433 -2.968 0.620
0.519 -3.030 0.688
0.604 -3.092 0.756
0.689 -3.154 0.825
0.774 -3.216 0.893
0.858 -3.279 0.962
0.942 -3.341 1.030
1.025 -3.404 1.099
1.108 -3.466 1.167
1.191 -3.528 1.236
1.272 -3.590 1.304
1.354 -3.652 1.372
1.435 -3.713 1.440
1.516 -3.775 1.507
1.597 -3.836 1.574
1.677 -3.897 1.641
1.757 -3.957 1.708
-0.349 -2.540 0.174
-0.261 -2.602 0.230
-0.174 -2.664 0.288
-0.087 -2.724 0.351
0.000 -2.782 0.417
0.087 -2.842 0.483
0.173 -2.903 0.549
0.259 -2.964 0.615
0.346 -3.025 0.683
0.431 -3.086 0.750
0.517 -3.148 0.817
0.602 -3.209 0.885
0.686 -3.271 0.954
0.770 -3.333 1.022
0.854 -3.395 1.090
0.937 -3.458 1.158
1.020 -3.520 1.227
1.102 -3.582 1.295
1.184 -3.643 1.363
1.266 -3.705 1.431
1.347 -3.767 1.498
1.428 -3.828 1.566
1.508 -3.889 1.633
1.589 -3.949 1.699
1.669 -4.009 1.766
-0.435 -2.609 0.238
-0.348 -2.669 0.294
-0.261 -2.727 0.355
-0.173 -2.784 0.419
-0.087 -2.842 0.483
0.000 -2.902 0.547
0.086 -2.961 0.613
0.173 -3.022 0.678
0.259 -3.082 0.745
0.344 -3.143 0.812
0.429 -3.203 0.879
0.514 -3.265 0.947
0.599 -3.327 1.014
0.683 -3.388 1.082
0.766 -3.450 1.150
0.849 -3.511 1.218
0.932 -3.573 1.286
1.014 -3.635 1.354
1.096 -3.697 1.422
1.178 -3.758 1.489
1.259 -3.820 1.557
1.340 -3.881 1.624
1.421 -3.941 1.691
1.501 -4.002 1.757
1.582 -4.062 1.824
-0.522 -2.674 0.303
-0.435 -2.732 0.362
-0.347 -2.789 0.423
-0.260 -2.845 0.486
-0.173 -2.903 0.549
-0.086 -2.961 0.613
0.000 -3.020 0.677
0.086 -3.080 0.743
0.172 -3.140 0.808
0.258 -3.199 0.875
0.343 -3.260 0.941
0.427 -3.321 1.008
0.512 -3.382 1.076
0.596 -3.444 1.143
0.679 -3.505 1.210
0.762 -3.566 1.278
0.845 -3.628 1.346
0.927 -3.689 1.413
1.009 -3.751 1.481
1.091 -3.812 1.548
1.172 -3.873 1.615
1.253 -3.934 1.682
1.334 -3.994 1.749
1.415 -4.055 1.815
1.495 -4.114 1.881
-0.609 -2.738 0.370
-0.522 -2.794 0.430
-0.434 -2.850 0.491
-0.347 -2.907 0.553
-0.259 -2.964 0.615
-0.173 -3.022 0.678
-0.086 -3.080 0.743
0.000 -3.138 0.807
0.086 -3.197 0.872
0.171 -3.257 0.938
0.256 -3.317 1.004
0.341 -3.378 1.070
0.425 -3.438 1.137
0.509 -3.499 1.204
0.593 -3.560 1.271
0.676 -3.621 1.338
0.758 -3.682 1.405
0.840 -3.743 1.473
0.922 -3.805 1.540
1.004 -3.865 1.607
1.085 -3.926 1.674
1.166 -3.987 1.741
1.247 -4.047 1.807
1.328 -4.108 1.873
1.409 -4.167 1.939
-0.696 -2.802 0.437
-0.608 -2.856 0.499
-0.520 -2.912 0.560
-0.433 -2.968 0.620
-0.346 -3.025 0.683
-0.259 -3.082 0.745
-0.172 -3.140 0.808
-0.086 -3.197 0.872
0.000 -3.256 0.937
0.085 -3.315 1.002
0.170 -3.375 1.067
0.255 -3.435 1.133
0.339 -3.495 1.199
0.423 -3.555 1.266
0.506 -3.615 1.332
0.589 -3.676 1.399
0.672 -3.737 1.466
0.754 -3.798 1.533
0.836 -3.858 1.600
0.918 -3.919 1.666
0.999 -3.980 1.733
1.080 -4.040 1.800
1.162 -4.100 1.866
1.243 -4.161 1.931
1.324 -4.221 1.995
-0.782 -2.864 0.506
-0.694 -2.919 0.567
-0.606 -2.974 0.627
-0.519 -3.030 0.688
-0.431 -3.086 0.750
-0.344 -3.143 0.812
-0.258 -3.199 0.875
-0.171 -3.257 0.938
-0.085 -3.315 1.002
0.000 -3.373 1.066
0.085 -3.432 1.131
0.170 -3.492 1.196
0.254 -3.551 1.262
0.337 -3.611 1.328
0.421 -3.671 1.394
0.504 -3.732 1.460
0.586 -3.792 1.527
0.669 -3.853 1.593
0.750 -3.913 1.660
0.832 -3.973 1.726
0.914 -4.034 1.792
0.995 -4.094 1.859
1.077 -4.154 1.924
1.158 -4.213 1.990
1.240 -4.272 2.055
-0.869 -2.927 0.575
-0.780 -2.982 0.636
-0.692 -3.037 0.696
-0.604 -3.092 0.756
-0.517 -3.148 0.817
-0.429 -3.203 0.879
-0.343 -3.260 0.941
-0.256 -3.317 1.004
-0.170 -3.375 1.067
-0.085 -3.432 1.131
0.000 -3.491 1.195
0.085 -3.550 1.260
0.169 -3.609 1.325
0.252 -3.668 1.390
0.336 -3.728 1.456
0.419 -3.788 1.522
0.501 -3.848 1.588
0.583 -3.908 1.654
0.665 -3.968 1.720
0.747 -4.028 1.786
0.829 -4.088 1.852
0.910 -4.148 1.918
0.992 -4.207 1.983
1.074 -4.266 2.048
1.156 -4.325 2.113
-0.954 -2.990 0.644
-0.866 -3.045 0.704
-0.777 -3.099 0.764
-0.689 -3.154 0.825
-0.602 -3.209 0.885
-0.514 -3.265 0.947
-0.427 -3.321 1.008
-0.341 -3.378 1.070
-0.255 -3.435 1.133
-0.170 -3.492 1.196
-0.085 -3.550 1.260
0.000 -3.608 1.324
0.084 -3.666 1.389
0.168 -3.726 1.453
0.251 -3.785 1.518
0.334 -3.844 1.584
0.417 -3.904 1.649
0.499 -3.963 1.715
0.581 -4.023 1.781
0.663 -4.083 1.846
0.744 -4.143 1.912
0.826 -4.202 1.978
0.908 -4.261 2.043
0.991 -4.320 2.107
1.073 -4.378 2.172
-1.039 -3.053 0.714
-0.951 -3.107 0.773
-0.862 -3.162 0.833
-0.774 -3.216 0.893
-0.686 -3.271 0.954
-0.599 -3.327 1.014
-0.512 -3.382 1.076
-0.425 -3.438 1.137
-0.339 -3.495 1.199
-0.254 -3.551 1.262
-0.169 -3.609 1.325
-0.084 -3.666 1.389
0.000 -3.725 1.452
0.084 -3.783 1.517
0.167 -3.842 1.581
0.250 -3.901 1.646
0.332 -3.960 1.712
0.415 -4.020 1.777
0.497 -4.079 1.842
0.579 -4.139 1.907
0.660 -4.198 1.973
0.743 -4.257 2.038
0.825 -4.316 2.102
0.908 -4.374 2.166
0.991 -4.432 2.231
-1.124 -3.116 0.783
-1.035 -3.170 0.842
-0.947 -3.224 0.902
-0.858 -3.279 0.962
-0.770 -3.333 1.022
-0.683 -3.388 1.082
-0.596 -3.444 1.143
-0.509 -3.499 1.204
-0.423 -3.555 1.266
-0.337 -3.611 1.328
-0.252 -3.668 1.390
-0.168 -3.726 1.453
-0.084 -3.783 1.517
0.000 -3.841 1.581
0.083 -3.900 1.645
0.166 -3.958 1.709
0.249 -4.017 1.774
0.331 -4.076 1.839
0.413 -4.135 1.904
0.495 -4.194 1.969
0.577 -4.253 2.034
0.659 -4.312 2.098
0.742 -4.371 2.163
0.825 -4.429 2.226
0.909 -4.486 2.290
-1.208 -3.179 0.852
-1.119 -3.233 0.912
-1.031 -3.287 0.971
-0.942 -3.341 1.030
-0.854 -3.395 1.090
-0.766 -3.450 1.150
-0.679 -3.505 1.210
-0.593 -3.560 1.271
-0.506 -3.615 1.332
-0.421 -3.671 1.394
-0.336 -3.728 1.456
-0.251 -3.785 1.518
-0.167 -3.842 1.581
-0.083 -3.900 1.645
0.000 -3.958 1.709
0.083 -4.016 1.773
0.165 -4.075 1.837
0.248 -4.134 1.901
0.330 -4.192 1.966
0.412 -4.250 2.031
0.494 -4.309 2.095
0.577 -4.368 2.159
0.660 -4.426 2.224
0.743 -4.484 2.287
0.828 -4.541 2.350
-1.292 -3.242 0.921
-1.203 -3.296 0.980
-1.114 -3.349 1.040
-1.025 -3.404 1.099
-0.937 -3.458 1.158
-0.849 -3.511 1.218
-0.762 -3.566 1.278
-0.676 -3.621 1.338
-0.589 -3.676 1.399
-0.504 -3.732 1.460
-0.419 -3.788 1.522
-0.334 -3.844 1.584
-0.250 -3.901 1.646
-0.166 -3.958 1.709
-0.083 -4.016 1.773
0.000 -4.074 1.836
0.083 -4.132 1.900
0.165 -4.191 1.964
0.247 -4.249 2.029
0.329 -4.307 2.093
0.412 -4.366 2.157
0.494 -4.424 2.221
0.578 -4.482 2.285
0.661 -4.539 2.348
0.746 -4.596 2.411
-1.376 -3.305 0.990
-1.286 -3.359 1.049
-1.197 -3.412 1.108
-1.108 -3.466 1.167
-1.020 -3.520 1.227
-0.932 -3.573 1.286
-0.845 -3.628 1.346
-0.758 -3.682 1.405
-0.672 -3.737 1.466
-0.586 -3.792 1.527
-0.501 -3.848 1.588
-0.417 -3.904 1.649
-0.332 -3.960 1.712
-0.249 -4.017 1.774
-0.165 -4.075 1.837
-0.083 -4.132 1.900
0.000 -4.190 1.964
0.082 -4.248 2.028
0.165 -4.306 2.092
0.247 -4.364 2.156
0.329 -4.422 2.220
0.412 -4.481 2.283
0.496 -4.538 2.347
0.580 -4.595 2.410
0.665 -4.652 2.472
-1.458 -3.367 1.059
-1.369 -3.421 1.118
-1.279 -3.474 1.177
-1.191 -3.528 1.236
-1.102 -3.582 1.295
-1.014 -3.635 1.354
-0.927 -3.689 1.413
-0.840 -3.743 1.473
-0.754 -3.798 1.533
-0.669 -3.853 1.593
-0.583 -3.908 1.654
-0.499 -3.963 1.715
-0.415 -4.020 1.777
-0.331 -4.076 1.839
-0.248 -4.134 1.901
-0.165 -4.191 1.964
-0.082 -4.248 2.028
0.000 -4.306 2.091
0.082 -4.364 2.155
0.165 -4.422 2.219
0.247 -4.480 2.283
0.330 -4.538 2.346
0.414 -4.595 2.409
0.498 -4.652 2.472
0.584 -4.709 2.534
-1.540 -3.430 1.128
-1.450 -3.483 1.187
-1.361 -3.536 1.246
-1.272 -3.590 1.304
-1.184 -3.643 1.363
-1.096 -3.697 1.422
-1.009 -3.751 1.481
-0.922 -3.805 1.540
-0.836 -3.858 1.600
-0.750 -3.913 1.660
-0.665 -3.968 1.720
-0.581 -4.023 1.781
-0.497 -4.079 1.842
-0.413 -4.135 1.904
-0.330 -4.192 1.966
-0.247 -4.249 2.029
-0.165 -4.306 2.092
-0.082 -4.364 2.155
0.000 -4.422 2.218
0.082 -4.479 2.282
0.165 -4.537 2.346
0.248 -4.595 2.409
0.332 -4.652 2.472
0.417 -4.709 2.535
0.502 -4.766 2.597
-1.622 -3.492 1.196
-1.532 -3.545 1.255
-1.443 -3.599 1.313
-1.354 -3.652 1.372
-1.266 -3.705 1.431
-1.178 -3.758 1.489
-1.091 -3.812 1.548
-1.004 -3.865 1.607
-0.918 -3.919 1.666
-0.832 -3.973 1.726
-0.747 -4.028 1.786
-0.663 -4.083 1.846
-0.579 -4.139 1.907
-0.495 -4.194 1.969
-0.412 -4.250 2.031
-0.329 -4.307 2.093
-0.247 -4.364 2.156
-0.165 -4.422 2.219
-0.082 -4.479 2.282
0.000 -4.537 2.346
0.083 -4.594 2.409
0.166 -4.652 2.472
0.250 -4.709 2.535
0.335 -4.766 2.598
0.420 -4.823 2.660
-1.703 -3.554 1.264
-1.613 -3.607 1.323
-1.524 -3.661 1.381
-1.435 -3.713 1.440
-1.347 -3.767 1.498
-1.259 -3.820 1.557
-1.172 -3.873 1.615
-1.085 -3.926 1.674
-0.999 -3.980 1.733
-0.914 -4.034 1.792
-0.829 -4.088 1.852
-0.744 -4.143 1.912
-0.660 -4.198 1.973
-0.577 -4.253 2.034
-0.494 -4.309 2.095
-0.412 -4.366 2.157
-0.329 -4.422 2.220
-0.247 -4.480 2.283
-0.165 -4.537 2.346
-0.083 -4.594 2.409
0.000 -4.652 2.472
0.083 -4.709 2.536
0.167 -4.767 2.599
0.252 -4.824 2.661
0.338 -4.880 2.724
-1.784 -3.615 1.332
-1.694 -3.669 1.391
-1.605 -3.722 1.449
-1.516 -3.775 1.507
-1.428 -3.828 1.566
-1.340 -3.881 1.624
-1.253 -3.934 1.682
-1.166 -3.987 1.741
-1.080 -4.040 1.800
-0.995 -4.094 1.859
-0.910 -4.148 1.918
-0.826 -4.202 1.978
-0.743 -4.257 2.038
-0.659 -4.312 2.098
-0.577 -4.368 2.159
-0.494 -4.424 2.221
-0.412 -4.481 2.283
-0.330 -4.538 2.346
-0.248 -4.595 2.409
-0.166 -4.652 2.472
-0.083 -4.709 2.536
0.000 -4.767 2.599
0.084 -4.824 2.662
0.169 -4.881 2.724
0.254 -4.939 2.786
-1.864 -3.676 1.399
-1.774 -3.730 1.458
-1.685 -3.783 1.516
-1.597 -3.836 1.574
-1.508 -3.889 1.633
-1.421 -3.941 1.691
-1.334 -3.994 1.749
-1.247 -4.047 1.807
-1.162 -4.100 1.866
-1.077 -4.154 1.924
-0.992 -4.207 1.983
-0.908 -4.261 2.043
-0.825 -4.316 2.102
-0.742 -4.371 2.163
-0.660 -4.426 2.224
-0.578 -4.482 2.285
-0.496 -4.538 2.347
-0.414 -4.595 2.409
-0.332 -4.652 2.472
-0.250 -4.709 2.535
-0.167 -4.767 2.599
-0.084 -4.824 2.662
0.000 -4.881 2.725
0.085 -4.938 2.787
0.170 -4.996 2.850
-1.944 -3.738 1.466
-1.855 -3.791 1.525
-1.765 -3.844 1.583
-1.677 -3.897 1.641
-1.589 -3.949 1.699
-1.501 -4.002 1.757
-1.415 -4.055 1.815
-1.328 -4.108 1.873
-1.243 -4.161 1.931
-1.158 -4.213 1.990
-1.074 -4.266 2.048
-0.991 -4.320 2.107
-0.908 -4.374 2.166
-0.825 -4.429 2.226
-0.743 -4.484 2.287
-0.661 -4.539 2.348
-0.580 -4.595 2.410
-0.498 -4.652 2.472
-0.417 -4.709 2.535
-0.335 -4.766 2.598
-0.252 -4.824 2.661
-0.169 -4.881 2.724
-0.085 -4.938 2.787
-0.000 -4.996 2.850
0.085 -5.053 2.913
-2.024 -3.798 1.533
-1.934 -3.851 1.591
-1.845 -3.904 1.650
-1.757 -3.957 1.708
-1.669 -4.009 1.766
-1.582 -4.062 1.824
-1.495 -4.114 1.881
-1.409 -4.167 1.939
-1.324 -4.221 1.995
-1.240 -4.272 2.055
-1.156 -4.325 2.113
-1.073 -4.378 2.172
-0.991 -4.432 2.231
-0.909 -4.486 2.290
-0.828 -4.541 2.350
-0.746 -4.596 2.411
-0.665 -4.652 2.472
-0.584 -4.709 2.534
-0.502 -4.766 2.597
-0.420 -4.823 2.660
-0.338 -4.880 2.724
-0.254 -4.939 2.786
-0.170 -4.996 2.850
-0.085 -5.053 2.913
-0.000 -5.112 2.973
