-2.131 -2.744 0.242
-1.951 -2.731 0.231
-1.771 -2.718 0.230
-1.591 -2.731 0.223
-1.411 -2.735 0.229
-1.232 -2.736 0.236
-1.053 -2.741 0.239
-0.875 -2.746 0.243
-0.696 -2.753 0.246
-0.522 -2.733 0.274
-0.348 -2.756 0.251
-0.171 -2.757 0.253
0.005 -2.758 0.254
0.181 -2.757 0.256
0.356 -2.757 0.255
0.531 -2.746 0.261
0.707 -2.752 0.249
0.884 -2.748 0.245
1.061 -2.745 0.240
1.239 -2.741 0.235
1.417 -2.736 0.230
1.595 -2.719 0.237
1.772 -2.729 0.220
1.949 -2.713 0.228
2.128 -2.717 0.212
-2.119 -2.773 0.421
-1.945 -2.806 0.397
-1.776 -2.848 0.357
-1.597 -2.852 0.357
-1.418 -2.857 0.362
-1.239 -2.861 0.366
-1.060 -2.865 0.370
-0.881 -2.869 0.375
-0.704 -2.872 0.380
-0.527 -2.876 0.382
-0.349 -2.877 0.385
-0.172 -2.879 0.385
0.004 -2.878 0.389
0.181 -2.875 0.392
0.358 -2.879 0.387
0.535 -2.876 0.384
0.713 -2.874 0.381
0.890 -2.871 0.378
1.068 -2.861 0.379
1.246 -2.854 0.376
1.424 -2.847 0.374
1.601 -2.843 0.371
1.779 -2.851 0.358
1.957 -2.846 0.355
2.136 -2.841 0.349
-2.133 -2.921 0.535
-1.959 -2.954 0.508
-1.782 -2.975 0.492
-1.603 -2.977 0.494
-1.425 -2.980 0.497
-1.245 -2.983 0.500
-1.066 -2.986 0.504
-0.887 -2.990 0.508
-0.708 -2.993 0.512
-0.530 -2.987 0.524
-0.352 -2.986 0.528
-0.174 -3.001 0.517
0.003 -2.985 0.534
0.182 -2.985 0.535
0.360 -3.000 0.519
0.539 -2.998 0.517
0.717 -2.995 0.515
0.896 -2.993 0.511
1.074 -2.990 0.508
1.252 -2.987 0.504
1.429 -2.983 0.502
1.607 -2.977 0.503
1.785 -2.970 0.503
1.964 -2.966 0.499
2.144 -2.962 0.494
-2.146 -3.078 0.639
-1.967 -3.093 0.632
-1.787 -3.100 0.629
-1.609 -3.102 0.631
-1.430 -3.104 0.633
-1.250 -3.106 0.635
-1.071 -3.108 0.639
-0.892 -3.112 0.642
-0.713 -3.115 0.646
-0.534 -3.118 0.648
-0.355 -3.119 0.651
-0.176 -3.121 0.652
0.003 -3.121 0.652
0.183 -3.120 0.655
0.362 -3.121 0.653
0.541 -3.120 0.651
0.720 -3.118 0.649
0.899 -3.116 0.647
1.078 -3.113 0.646
1.256 -3.110 0.644
1.434 -3.110 0.640
1.612 -3.109 0.636
1.791 -3.104 0.634
1.970 -3.101 0.630
2.150 -3.097 0.626
-2.152 -3.216 0.767
-1.972 -3.221 0.767
-1.792 -3.219 0.773
-1.613 -3.225 0.770
-1.433 -3.228 0.770
-1.254 -3.229 0.772
-1.075 -3.231 0.776
-0.896 -3.229 0.783
-0.716 -3.229 0.788
-0.537 -3.229 0.792
-0.357 -3.227 0.798
-0.177 -3.229 0.799
0.003 -3.237 0.793
0.183 -3.241 0.791
0.362 -3.243 0.789
0.542 -3.241 0.788
0.721 -3.239 0.786
0.900 -3.229 0.793
1.079 -3.224 0.794
1.258 -3.224 0.791
1.437 -3.230 0.782
1.616 -3.229 0.778
1.796 -3.228 0.773
1.976 -3.226 0.770
2.155 -3.224 0.765
-2.155 -3.341 0.907
-1.976 -3.349 0.905
-1.796 -3.351 0.907
-1.616 -3.346 0.914
-1.436 -3.350 0.911
-1.257 -3.348 0.915
-1.078 -3.354 0.916
-0.899 -3.348 0.925
-0.720 -3.344 0.933
-0.539 -3.343 0.937
-0.359 -3.344 0.940
-0.178 -3.346 0.941
0.002 -3.351 0.938
0.182 -3.357 0.934
0.362 -3.362 0.930
0.542 -3.367 0.924
0.721 -3.360 0.926
0.901 -3.354 0.929
1.080 -3.360 0.920
1.260 -3.356 0.921
1.440 -3.358 0.917
1.620 -3.357 0.914
1.800 -3.354 0.912
1.980 -3.353 0.908
2.160 -3.351 0.905
-2.159 -3.470 1.045
-1.979 -3.476 1.043
-1.799 -3.480 1.042
-1.619 -3.479 1.046
-1.439 -3.480 1.048
-1.260 -3.482 1.050
-1.080 -3.484 1.052
-0.901 -3.483 1.056
-0.721 -3.483 1.059
-0.541 -3.484 1.061
-0.361 -3.485 1.063
-0.181 -3.485 1.066
-0.000 -3.487 1.067
0.180 -3.490 1.067
0.361 -3.489 1.068
0.541 -3.490 1.066
0.722 -3.489 1.064
0.902 -3.487 1.062
1.082 -3.485 1.059
1.261 -3.486 1.054
1.442 -3.485 1.052
1.622 -3.483 1.051
1.802 -3.484 1.046
1.982 -3.480 1.045
2.162 -3.477 1.045
-2.162 -3.596 1.187
-1.982 -3.602 1.183
-1.802 -3.604 1.184
-1.622 -3.606 1.185
-1.442 -3.607 1.187
-1.262 -3.609 1.188
-1.082 -3.609 1.193
-0.902 -3.609 1.197
-0.722 -3.610 1.199
-0.542 -3.610 1.201
-0.363 -3.608 1.206
-0.182 -3.604 1.211
-0.002 -3.602 1.216
0.179 -3.600 1.219
0.360 -3.597 1.221
0.541 -3.594 1.222
0.722 -3.592 1.221
0.903 -3.592 1.218
1.084 -3.594 1.212
1.262 -3.612 1.192
1.443 -3.610 1.191
1.623 -3.609 1.189
1.804 -3.607 1.187
1.984 -3.606 1.185
2.164 -3.605 1.185
-2.163 -3.710 1.339
-1.984 -3.722 1.330
-1.804 -3.732 1.323
-1.624 -3.737 1.321
-1.444 -3.740 1.321
-1.264 -3.741 1.323
-1.084 -3.742 1.326
-0.904 -3.744 1.328
-0.724 -3.745 1.330
-0.543 -3.745 1.332
-0.363 -3.745 1.334
-0.183 -3.744 1.337
-0.002 -3.744 1.337
0.179 -3.744 1.338
0.360 -3.743 1.338
0.541 -3.742 1.337
0.722 -3.741 1.335
0.902 -3.739 1.334
1.083 -3.739 1.331
1.263 -3.740 1.329
1.443 -3.738 1.329
1.623 -3.734 1.329
1.804 -3.730 1.330
1.984 -3.725 1.333
2.164 -3.720 1.337
-2.165 -3.846 1.475
-1.985 -3.848 1.474
-1.805 -3.851 1.472
-1.625 -3.853 1.472
-1.445 -3.856 1.471
-1.265 -3.860 1.468
-1.085 -3.860 1.472
-0.905 -3.864 1.472
-0.724 -3.866 1.472
-0.544 -3.867 1.473
-0.363 -3.868 1.474
-0.183 -3.868 1.474
-0.002 -3.868 1.474
0.179 -3.869 1.474
0.360 -3.869 1.474
0.541 -3.868 1.474
0.722 -3.865 1.474
0.902 -3.857 1.480
1.083 -3.856 1.479
1.262 -3.864 1.472
1.442 -3.861 1.473
1.622 -3.860 1.472
1.803 -3.859 1.472
1.983 -3.856 1.473
2.163 -3.854 1.476
-2.164 -4.005 1.591
-1.984 -4.003 1.593
-1.804 -4.003 1.593
-1.624 -4.002 1.595
-1.444 -4.001 1.597
-1.264 -3.999 1.599
-1.084 -3.998 1.600
-0.904 -4.000 1.599
-0.724 -4.002 1.599
-0.543 -3.999 1.602
-0.363 -3.996 1.606
-0.182 -3.994 1.608
-0.002 -3.998 1.605
0.179 -4.004 1.600
0.359 -4.008 1.595
0.540 -4.009 1.594
0.721 -4.008 1.593
0.901 -4.007 1.595
1.080 -4.005 1.597
1.260 -4.005 1.598
1.440 -4.004 1.597
1.621 -4.003 1.597
1.801 -4.002 1.597
1.981 -4.001 1.597
2.161 -4.001 1.599
-2.162 -4.115 1.745
-1.982 -4.115 1.745
-1.802 -4.115 1.745
-1.622 -4.115 1.745
-1.442 -4.115 1.746
-1.262 -4.115 1.745
-1.082 -4.115 1.745
-0.903 -4.115 1.745
-0.723 -4.115 1.745
-0.543 -4.115 1.746
-0.362 -4.115 1.746
-0.182 -4.115 1.746
-0.002 -4.115 1.746
0.179 -4.115 1.746
0.359 -4.115 1.746
0.539 -4.115 1.745
0.719 -4.115 1.746
0.899 -4.116 1.746
1.078 -4.116 1.747
1.258 -4.116 1.747
1.438 -4.116 1.746
1.619 -4.115 1.746
1.798 -4.115 1.746
1.978 -4.115 1.746
2.158 -4.116 1.747
-2.161 -4.240 1.883
-1.981 -4.239 1.883
-1.801 -4.240 1.883
-1.621 -4.240 1.883
-1.441 -4.240 1.883
-1.261 -4.240 1.883
-1.081 -4.240 1.883
-0.901 -4.240 1.882
-0.722 -4.239 1.882
-0.542 -4.239 1.882
-0.362 -4.239 1.882
-0.182 -4.239 1.882
-0.002 -4.239 1.882
0.178 -4.239 1.882
0.358 -4.239 1.882
0.538 -4.239 1.882
0.718 -4.240 1.883
0.897 -4.240 1.883
1.077 -4.241 1.883
1.257 -4.241 1.883
1.437 -4.240 1.883
1.617 -4.240 1.883
1.797 -4.239 1.882
1.977 -4.239 1.882
2.157 -4.240 1.883
-2.160 -4.364 2.018
-1.980 -4.363 2.019
-1.800 -4.364 2.019
-1.620 -4.364 2.019
-1.440 -4.364 2.019
-1.260 -4.364 2.020
-1.081 -4.364 2.019
-0.901 -4.364 2.019
-0.721 -4.363 2.019
-0.541 -4.363 2.018
-0.362 -4.363 2.018
-0.182 -4.363 2.017
-0.002 -4.363 2.018
0.178 -4.362 2.018
0.358 -4.363 2.018
0.537 -4.364 2.018
0.717 -4.364 2.019
0.896 -4.365 2.019
1.076 -4.364 2.020
1.256 -4.364 2.020
1.436 -4.364 2.018
1.616 -4.363 2.018
1.796 -4.363 2.018
1.976 -4.363 2.018
2.156 -4.363 2.018
-2.161 -4.494 2.147
-1.981 -4.499 2.143
-1.801 -4.501 2.142
-1.621 -4.501 2.142
-1.441 -4.502 2.142
-1.260 -4.502 2.141
-1.081 -4.503 2.139
-0.901 -4.504 2.138
-0.721 -4.504 2.137
-0.541 -4.503 2.137
-0.361 -4.503 2.137
-0.182 -4.502 2.137
-0.002 -4.502 2.137
0.177 -4.503 2.137
0.357 -4.503 2.137
0.537 -4.504 2.137
0.716 -4.504 2.138
0.896 -4.502 2.141
1.076 -4.498 2.144
1.256 -4.496 2.146
1.436 -4.493 2.148
1.616 -4.493 2.148
1.796 -4.492 2.148
1.976 -4.491 2.148
2.156 -4.490 2.149
-2.161 -4.608 2.289
-1.981 -4.609 2.289
-1.801 -4.609 2.289
-1.621 -4.609 2.289
-1.441 -4.609 2.289
-1.261 -4.610 2.289
-1.081 -4.609 2.289
-0.901 -4.610 2.288
-0.721 -4.610 2.286
-0.541 -4.611 2.286
-0.361 -4.610 2.285
-0.182 -4.610 2.285
-0.002 -4.610 2.285
0.177 -4.610 2.286
0.357 -4.610 2.286
0.536 -4.610 2.286
0.716 -4.611 2.287
0.896 -4.610 2.288
1.076 -4.609 2.289
1.256 -4.609 2.289
1.436 -4.608 2.289
1.616 -4.608 2.288
1.796 -4.608 2.288
1.976 -4.607 2.287
2.156 -4.607 2.287
-2.162 -4.732 2.424
-1.982 -4.732 2.424
-1.802 -4.732 2.424
-1.621 -4.732 2.424
-1.441 -4.732 2.424
-1.261 -4.732 2.424
-1.081 -4.732 2.424
-0.901 -4.732 2.424
-0.721 -4.732 2.423
-0.541 -4.732 2.423
-0.361 -4.731 2.423
-0.182 -4.731 2.422
-0.002 -4.731 2.423
0.177 -4.731 2.423
0.357 -4.731 2.423
0.536 -4.731 2.423
0.716 -4.732 2.423
0.896 -4.731 2.424
1.076 -4.732 2.423
1.256 -4.732 2.423
1.436 -4.731 2.423
1.616 -4.730 2.423
1.797 -4.730 2.422
1.977 -4.730 2.421
2.157 -4.729 2.421
-2.162 -4.855 2.559
-1.982 -4.854 2.559
-1.802 -4.854 2.559
-1.622 -4.854 2.559
-1.441 -4.855 2.559
-1.261 -4.855 2.559
-1.081 -4.855 2.559
-0.901 -4.854 2.559
-0.721 -4.854 2.559
-0.541 -4.854 2.559
-0.361 -4.854 2.558
-0.182 -4.854 2.558
-0.002 -4.854 2.558
0.177 -4.854 2.558
0.357 -4.853 2.558
0.537 -4.854 2.558
0.717 -4.854 2.558
0.896 -4.854 2.558
1.076 -4.854 2.558
1.256 -4.854 2.557
1.437 -4.853 2.557
1.617 -4.852 2.556
1.797 -4.852 2.556
1.977 -4.851 2.556
2.157 -4.851 2.555
-2.162 -4.987 2.684
-1.982 -4.986 2.684
-1.801 -4.986 2.684
-1.621 -4.985 2.685
-1.441 -4.985 2.685
-1.261 -4.985 2.685
-1.081 -4.985 2.685
-0.901 -4.986 2.685
-0.721 -4.986 2.684
-0.541 -4.986 2.684
-0.361 -4.986 2.684
-0.181 -4.985 2.684
-0.002 -4.985 2.684
0.178 -4.985 2.683
0.357 -4.985 2.683
0.537 -4.986 2.683
0.717 -4.986 2.683
0.897 -4.986 2.682
1.077 -4.986 2.682
1.257 -4.985 2.681
1.437 -4.984 2.682
1.617 -4.983 2.682
1.797 -4.980 2.684
1.977 -4.976 2.686
2.157 -4.974 2.689
-2.161 -5.099 2.828
-1.981 -5.098 2.827
-1.801 -5.098 2.827
-1.621 -5.098 2.826
-1.440 -5.098 2.827
-1.260 -5.098 2.827
-1.080 -5.098 2.827
-0.900 -5.098 2.827
-0.720 -5.098 2.827
-0.540 -5.098 2.827
-0.361 -5.098 2.826
-0.181 -5.098 2.826
-0.001 -5.097 2.826
0.178 -5.097 2.826
0.358 -5.097 2.826
0.538 -5.097 2.826
0.717 -5.097 2.826
0.897 -5.096 2.825
1.077 -5.096 2.825
1.257 -5.096 2.824
1.437 -5.095 2.824
1.617 -5.095 2.823
1.797 -5.094 2.823
1.977 -5.095 2.823
2.157 -5.095 2.823
-2.160 -5.221 2.962
-1.980 -5.220 2.961
-1.800 -5.220 2.960
-1.620 -5.220 2.960
-1.440 -5.219 2.961
-1.260 -5.219 2.961
-1.080 -5.219 2.961
-0.900 -5.220 2.961
-0.720 -5.220 2.961
-0.540 -5.220 2.961
-0.360 -5.220 2.960
-0.181 -5.219 2.960
-0.001 -5.219 2.960
0.179 -5.219 2.960
0.358 -5.219 2.960
0.538 -5.219 2.960
0.718 -5.218 2.959
0.897 -5.218 2.959
1.077 -5.217 2.959
1.257 -5.217 2.958
1.437 -5.217 2.958
1.617 -5.217 2.957
1.797 -5.216 2.957
1.976 -5.216 2.957
2.156 -5.216 2.957
-2.158 -5.345 3.093
-1.978 -5.343 3.093
-1.798 -5.342 3.094
-1.618 -5.341 3.093
-1.439 -5.342 3.093
-1.259 -5.342 3.093
-1.079 -5.342 3.093
-0.899 -5.342 3.093
-0.719 -5.342 3.093
-0.540 -5.342 3.093
-0.360 -5.342 3.093
-0.180 -5.342 3.093
-0.001 -5.342 3.093
0.179 -5.341 3.093
0.359 -5.341 3.092
0.538 -5.341 3.092
0.718 -5.341 3.092
0.898 -5.340 3.091
1.077 -5.340 3.091
1.257 -5.339 3.090
1.437 -5.339 3.089
1.617 -5.339 3.089
1.796 -5.338 3.089
1.976 -5.338 3.089
2.156 -5.337 3.090
-2.157 -5.463 3.229
-1.977 -5.463 3.227
-1.797 -5.463 3.227
-1.617 -5.463 3.226
-1.438 -5.463 3.226
-1.258 -5.463 3.226
-1.078 -5.464 3.226
-0.899 -5.464 3.227
-0.719 -5.464 3.227
-0.539 -5.464 3.226
-0.359 -5.464 3.226
-0.180 -5.463 3.226
-0.000 -5.463 3.226
0.179 -5.463 3.226
0.359 -5.463 3.225
0.539 -5.462 3.225
0.718 -5.462 3.225
0.898 -5.462 3.224
1.078 -5.461 3.224
1.257 -5.461 3.223
1.437 -5.460 3.223
1.616 -5.460 3.222
1.796 -5.460 3.222
1.976 -5.460 3.221
2.156 -5.461 3.221
-2.156 -5.588 3.359
-1.976 -5.587 3.359
-1.796 -5.586 3.358
-1.617 -5.586 3.358
-1.437 -5.586 3.358
-1.257 -5.586 3.358
-1.078 -5.586 3.358
-0.898 -5.586 3.358
-0.718 -5.586 3.358
-0.539 -5.586 3.358
-0.359 -5.586 3.358
-0.179 -5.586 3.358
0.000 -5.586 3.358
0.180 -5.586 3.357
0.360 -5.585 3.357
0.539 -5.585 3.357
0.719 -5.584 3.356
0.898 -5.584 3.356
1.078 -5.584 3.355
1.257 -5.583 3.355
1.437 -5.583 3.354
1.617 -5.583 3.354
1.796 -5.582 3.354
1.976 -5.582 3.354
2.156 -5.581 3.354
-2.155 -5.705 3.495
-1.975 -5.705 3.495
-1.796 -5.704 3.494
-1.616 -5.704 3.494
-1.437 -5.704 3.494
-1.257 -5.704 3.494
-1.078 -5.704 3.494
-0.898 -5.704 3.494
-0.718 -5.704 3.494
-0.538 -5.704 3.494
-0.359 -5.704 3.494
-0.179 -5.704 3.494
0.001 -5.704 3.494
0.180 -5.704 3.493
0.360 -5.703 3.493
0.540 -5.703 3.493
0.719 -5.703 3.492
0.899 -5.702 3.492
1.078 -5.702 3.491
1.258 -5.701 3.491
1.437 -5.701 3.490
1.617 -5.700 3.490
1.797 -5.700 3.489
1.976 -5.700 3.489
2.156 -5.700 3.489
