-2.934 2.928 0.002
-2.697 2.589 0.115
-2.523 2.411 0.193
-2.378 2.293 0.263
-2.248 2.205 0.331
-2.129 2.131 0.401
-2.018 2.066 0.475
-1.913 2.004 0.552
-1.812 1.940 0.628
-1.714 1.875 0.703
-1.615 1.808 0.773
-1.513 1.740 0.839
-1.408 1.674 0.900
-1.300 1.609 0.955
-1.188 1.546 1.003
-1.073 1.488 1.046
-0.954 1.436 1.086
-0.831 1.391 1.121
-0.705 1.353 1.153
-0.576 1.320 1.180
-0.444 1.294 1.203
-0.311 1.272 1.220
-0.176 1.256 1.232
-0.040 1.245 1.239
0.096 1.239 1.241
0.231 1.238 1.238
0.366 1.244 1.230
0.500 1.255 1.218
0.632 1.275 1.201
0.762 1.302 1.179
0.888 1.338 1.151
1.009 1.383 1.117
1.124 1.436 1.077
1.234 1.496 1.031
1.339 1.561 0.980
1.441 1.629 0.926
1.542 1.699 0.869
1.643 1.769 0.808
1.745 1.836 0.743
1.848 1.902 0.673
1.951 1.965 0.599
2.054 2.029 0.524
2.160 2.100 0.448
2.271 2.179 0.371
2.391 2.273 0.294
2.526 2.392 0.213
2.694 2.571 0.125
2.934 2.928 0.002
-2.873 2.500 0.089
-2.721 2.389 0.137
-2.570 2.270 0.192
-2.427 2.170 0.247
-2.291 2.086 0.303
-2.161 2.017 0.359
-2.036 1.957 0.416
-1.915 1.904 0.476
-1.798 1.855 0.538
-1.686 1.807 0.602
-1.577 1.755 0.666
-1.472 1.698 0.729
-1.371 1.634 0.788
-1.272 1.564 0.842
-1.167 1.499 0.889
-1.055 1.440 0.932
-0.940 1.385 0.972
-0.821 1.335 1.010
-0.698 1.289 1.045
-0.573 1.249 1.078
-0.444 1.214 1.105
-0.313 1.187 1.128
-0.179 1.166 1.145
-0.043 1.152 1.155
0.093 1.143 1.160
0.230 1.141 1.159
0.367 1.145 1.153
0.504 1.157 1.141
0.639 1.176 1.124
0.772 1.203 1.103
0.902 1.238 1.076
1.028 1.282 1.045
1.150 1.334 1.009
1.267 1.392 0.969
1.378 1.456 0.925
1.484 1.523 0.875
1.585 1.593 0.819
1.680 1.662 0.755
1.773 1.730 0.684
1.866 1.796 0.608
1.965 1.859 0.533
2.072 1.922 0.460
2.183 1.991 0.388
2.301 2.067 0.318
2.427 2.155 0.249
2.568 2.258 0.190
2.719 2.379 0.132
2.868 2.484 0.099
-2.866 2.222 0.144
-2.732 2.176 0.169
-2.595 2.101 0.207
-2.458 2.024 0.251
-2.324 1.952 0.297
-2.192 1.889 0.344
-2.064 1.833 0.393
-1.937 1.784 0.442
-1.813 1.741 0.489
-1.689 1.702 0.533
-1.566 1.668 0.577
-1.445 1.638 0.624
-1.326 1.611 0.675
-1.211 1.586 0.735
-1.101 1.560 0.803
-0.992 1.527 0.869
-0.882 1.485 0.925
-0.768 1.440 0.969
-0.651 1.396 1.003
-0.531 1.355 1.027
-0.409 1.317 1.044
-0.285 1.285 1.056
-0.159 1.262 1.067
-0.031 1.248 1.077
0.098 1.241 1.083
0.228 1.241 1.085
0.357 1.247 1.081
0.485 1.258 1.071
0.612 1.276 1.056
0.737 1.302 1.035
0.859 1.335 1.011
0.977 1.375 0.981
1.090 1.420 0.942
1.200 1.466 0.894
1.307 1.510 0.837
1.414 1.547 0.775
1.523 1.579 0.711
1.633 1.614 0.649
1.745 1.653 0.589
1.859 1.697 0.532
1.974 1.748 0.473
2.085 1.806 0.405
2.201 1.869 0.342
2.321 1.939 0.278
2.457 2.013 0.244
2.592 2.090 0.199
2.730 2.165 0.169
2.860 2.208 0.162
-2.871 2.000 0.193
-2.742 1.975 0.203
-2.611 1.926 0.230
-2.480 1.867 0.264
-2.348 1.809 0.303
-2.218 1.753 0.345
-2.089 1.703 0.389
-1.963 1.657 0.436
-1.838 1.615 0.484
-1.716 1.579 0.533
-1.594 1.546 0.582
-1.473 1.516 0.632
-1.355 1.489 0.683
-1.238 1.464 0.735
-1.120 1.440 0.778
-0.997 1.420 0.805
-0.876 1.403 0.831
-0.754 1.390 0.856
-0.631 1.379 0.881
-0.509 1.368 0.905
-0.387 1.351 0.926
-0.265 1.333 0.943
-0.143 1.315 0.956
-0.020 1.300 0.964
0.103 1.289 0.968
0.226 1.284 0.968
0.348 1.287 0.964
0.470 1.297 0.954
0.591 1.314 0.939
0.710 1.332 0.917
0.829 1.347 0.890
0.949 1.355 0.861
1.069 1.366 0.832
1.189 1.382 0.803
1.309 1.403 0.773
1.429 1.428 0.740
1.544 1.457 0.688
1.658 1.492 0.631
1.770 1.530 0.569
1.879 1.575 0.501
1.983 1.627 0.427
2.102 1.679 0.370
2.216 1.738 0.305
2.348 1.800 0.301
2.476 1.857 0.253
2.608 1.915 0.226
2.738 1.963 0.207
2.864 1.990 0.215
-2.878 1.806 0.239
-2.752 1.787 0.236
-2.625 1.752 0.255
-2.496 1.708 0.283
-2.367 1.660 0.315
-2.238 1.612 0.351
-2.110 1.567 0.389
-1.983 1.525 0.432
-1.858 1.487 0.476
-1.734 1.452 0.524
-1.612 1.420 0.573
-1.492 1.391 0.623
-1.373 1.365 0.676
-1.257 1.340 0.730
-1.140 1.318 0.783
-1.020 1.300 0.826
-0.897 1.284 0.861
-0.773 1.271 0.888
-0.648 1.258 0.904
-0.524 1.246 0.885
-0.399 1.236 0.878
-0.274 1.229 0.875
-0.150 1.222 0.873
-0.025 1.217 0.871
0.099 1.212 0.870
0.224 1.208 0.869
0.348 1.205 0.869
0.472 1.203 0.872
0.597 1.205 0.877
0.720 1.211 0.888
0.842 1.225 0.911
0.966 1.234 0.888
1.089 1.246 0.858
1.211 1.261 0.822
1.331 1.280 0.780
1.447 1.304 0.727
1.560 1.334 0.667
1.669 1.369 0.599
1.773 1.410 0.524
1.878 1.455 0.451
2.001 1.498 0.404
2.112 1.548 0.336
2.238 1.608 0.357
2.361 1.652 0.302
2.491 1.699 0.277
2.619 1.742 0.255
2.746 1.776 0.243
2.869 1.798 0.265
-2.887 1.626 0.284
-2.763 1.609 0.269
-2.637 1.582 0.282
-2.510 1.548 0.305
-2.382 1.508 0.332
-2.254 1.468 0.362
-2.127 1.428 0.396
-2.000 1.391 0.432
-1.874 1.355 0.472
-1.749 1.323 0.516
-1.626 1.293 0.561
-1.504 1.265 0.609
-1.384 1.240 0.659
-1.266 1.216 0.710
-1.147 1.195 0.761
-1.028 1.176 0.809
-0.907 1.160 0.851
-0.784 1.146 0.885
-0.659 1.134 0.908
-0.532 1.125 0.915
-0.406 1.118 0.916
-0.280 1.111 0.915
-0.155 1.105 0.916
-0.029 1.100 0.917
0.096 1.097 0.918
0.221 1.094 0.920
0.346 1.092 0.923
0.472 1.091 0.927
0.598 1.091 0.929
0.725 1.093 0.925
0.849 1.101 0.903
0.974 1.110 0.876
1.097 1.122 0.844
1.219 1.137 0.804
1.338 1.157 0.755
1.452 1.181 0.696
1.559 1.213 0.625
1.661 1.250 0.548
1.772 1.287 0.481
1.897 1.323 0.443
2.006 1.366 0.371
2.124 1.429 0.408
2.244 1.464 0.351
2.373 1.502 0.324
2.502 1.540 0.302
2.629 1.573 0.285
2.755 1.599 0.279
2.874 1.620 0.312
-2.894 1.456 0.329
-2.773 1.439 0.302
-2.647 1.417 0.309
-2.522 1.389 0.328
-2.395 1.357 0.351
-2.268 1.322 0.378
-2.141 1.288 0.407
-2.014 1.254 0.439
-1.888 1.222 0.474
-1.762 1.191 0.512
-1.638 1.163 0.554
-1.515 1.138 0.598
-1.394 1.114 0.644
-1.273 1.091 0.692
-1.154 1.071 0.742
-1.034 1.053 0.790
-0.914 1.036 0.834
-0.791 1.022 0.872
-0.666 1.010 0.898
-0.540 1.001 0.912
-0.413 0.993 0.912
-0.286 0.987 0.907
-0.159 0.981 0.903
-0.033 0.977 0.902
0.093 0.973 0.902
0.219 0.971 0.902
0.345 0.970 0.902
0.472 0.970 0.899
0.598 0.971 0.895
0.725 0.974 0.888
0.851 0.979 0.878
0.978 0.986 0.858
1.102 0.998 0.826
1.223 1.013 0.781
1.338 1.034 0.723
1.445 1.062 0.651
1.548 1.095 0.575
1.664 1.124 0.517
1.790 1.156 0.483
1.898 1.193 0.409
2.008 1.257 0.456
2.127 1.287 0.399
2.255 1.319 0.371
2.384 1.352 0.348
2.511 1.383 0.329
2.637 1.409 0.314
2.762 1.430 0.313
2.877 1.451 0.359
-2.900 1.293 0.374
-2.782 1.274 0.335
-2.657 1.255 0.336
-2.532 1.232 0.353
-2.407 1.205 0.373
-2.280 1.176 0.396
-2.154 1.146 0.422
-2.027 1.116 0.450
-1.900 1.086 0.481
-1.774 1.059 0.515
-1.649 1.033 0.551
-1.525 1.009 0.591
-1.402 0.986 0.633
-1.280 0.965 0.678
-1.160 0.946 0.724
-1.039 0.928 0.771
-0.919 0.912 0.816
-0.797 0.898 0.856
-0.672 0.886 0.887
-0.546 0.877 0.907
-0.418 0.869 0.915
-0.291 0.863 0.915
-0.163 0.857 0.911
-0.036 0.853 0.908
0.091 0.849 0.906
0.218 0.847 0.905
0.345 0.845 0.904
0.472 0.845 0.903
0.600 0.847 0.900
0.727 0.849 0.892
0.855 0.854 0.875
0.980 0.862 0.846
1.103 0.874 0.804
1.219 0.891 0.748
1.327 0.915 0.678
1.433 0.942 0.605
1.554 0.966 0.557
1.680 0.993 0.524
1.786 1.026 0.449
1.890 1.093 0.502
2.010 1.119 0.447
2.137 1.146 0.416
2.265 1.174 0.392
2.392 1.202 0.372
2.519 1.227 0.356
2.644 1.249 0.343
2.769 1.267 0.348
2.879 1.288 0.404
-2.904 1.134 0.418
-2.791 1.114 0.368
-2.667 1.097 0.364
-2.542 1.078 0.378
-2.417 1.055 0.396
-2.291 1.030 0.416
-2.165 1.003 0.439
-2.038 0.977 0.464
-1.912 0.950 0.492
-1.785 0.925 0.522
-1.660 0.901 0.555
-1.535 0.878 0.590
-1.410 0.857 0.628
-1.287 0.838 0.668
-1.165 0.820 0.711
-1.044 0.803 0.754
-0.922 0.788 0.797
-0.800 0.774 0.837
-0.676 0.763 0.870
-0.550 0.753 0.894
-0.423 0.745 0.906
-0.295 0.738 0.911
-0.167 0.733 0.910
-0.040 0.728 0.909
0.088 0.725 0.908
0.216 0.723 0.907
0.344 0.721 0.906
0.472 0.721 0.903
0.600 0.722 0.897
0.728 0.725 0.884
0.855 0.729 0.861
0.979 0.738 0.825
1.097 0.751 0.772
1.207 0.772 0.704
1.318 0.793 0.638
1.442 0.813 0.599
1.567 0.835 0.564
1.674 0.864 0.489
1.772 0.933 0.546
1.892 0.956 0.492
2.019 0.980 0.461
2.146 1.004 0.436
2.273 1.029 0.415
2.400 1.053 0.398
2.526 1.074 0.383
2.651 1.092 0.372
2.775 1.108 0.382
2.879 1.130 0.448
-2.907 0.979 0.461
-2.799 0.958 0.401
-2.675 0.942 0.391
-2.551 0.926 0.403
-2.425 0.906 0.419
-2.300 0.884 0.438
-2.174 0.861 0.459
-2.048 0.837 0.481
-1.922 0.814 0.506
-1.795 0.791 0.533
-1.669 0.768 0.563
-1.544 0.747 0.594
-1.419 0.728 0.628
-1.295 0.710 0.665
-1.171 0.693 0.703
-1.048 0.677 0.743
-0.926 0.663 0.783
-0.803 0.650 0.821
-0.679 0.639 0.854
-0.554 0.629 0.879
-0.426 0.621 0.895
-0.299 0.614 0.903
-0.171 0.609 0.906
-0.043 0.604 0.906
0.085 0.601 0.906
0.213 0.598 0.905
0.342 0.597 0.903
0.470 0.597 0.899
0.599 0.597 0.890
0.726 0.600 0.872
0.852 0.606 0.841
0.971 0.616 0.792
1.084 0.632 0.730
1.201 0.648 0.673
1.327 0.665 0.643
1.451 0.683 0.602
1.559 0.707 0.531
1.654 0.778 0.590
1.773 0.798 0.536
1.900 0.819 0.506
2.026 0.841 0.479
2.153 0.863 0.457
2.280 0.884 0.439
2.406 0.905 0.423
2.532 0.923 0.409
2.657 0.938 0.401
2.781 0.954 0.417
2.879 0.976 0.491
-2.907 0.827 0.504
-2.806 0.805 0.434
-2.683 0.790 0.418
-2.558 0.775 0.428
-2.433 0.759 0.443
-2.308 0.740 0.460
-2.183 0.719 0.479
-2.057 0.698 0.500
-1.930 0.677 0.523
-1.804 0.656 0.547
-1.678 0.635 0.574
-1.552 0.616 0.603
-1.427 0.598 0.634
-1.302 0.581 0.667
-1.178 0.565 0.702
-1.054 0.550 0.738
-0.930 0.537 0.774
-0.807 0.525 0.810
-0.683 0.514 0.842
-0.557 0.505 0.867
-0.430 0.497 0.885
-0.302 0.490 0.895
-0.174 0.485 0.901
-0.046 0.480 0.903
0.082 0.477 0.904
0.211 0.474 0.903
0.339 0.473 0.900
0.468 0.472 0.893
0.596 0.473 0.878
0.722 0.477 0.850
0.843 0.485 0.807
0.961 0.495 0.755
1.083 0.506 0.712
1.210 0.520 0.686
1.331 0.535 0.639
1.443 0.555 0.573
1.536 0.626 0.633
1.653 0.644 0.578
1.780 0.663 0.550
1.906 0.682 0.521
2.033 0.701 0.499
2.160 0.721 0.479
2.286 0.740 0.463
2.412 0.758 0.448
2.538 0.773 0.436
2.663 0.787 0.429
2.786 0.802 0.451
2.877 0.825 0.533
-2.907 0.677 0.546
-2.813 0.654 0.467
-2.690 0.639 0.445
-2.565 0.627 0.453
-2.440 0.612 0.467
-2.315 0.596 0.483
-2.190 0.578 0.500
-2.064 0.559 0.520
-1.938 0.540 0.541
-1.812 0.521 0.564
-1.686 0.502 0.588
-1.560 0.484 0.615
-1.434 0.467 0.643
-1.309 0.451 0.673
-1.184 0.437 0.705
-1.060 0.423 0.738
-0.936 0.410 0.772
-0.811 0.399 0.805
-0.686 0.389 0.835
-0.560 0.380 0.860
-0.433 0.372 0.878
-0.306 0.366 0.890
-0.178 0.360 0.896
-0.049 0.356 0.899
0.079 0.353 0.900
0.208 0.350 0.898
0.336 0.349 0.891
0.464 0.349 0.878
0.590 0.351 0.855
0.714 0.355 0.821
0.838 0.360 0.785
0.964 0.368 0.755
1.090 0.379 0.727
1.209 0.391 0.674
1.325 0.406 0.616
1.418 0.476 0.676
1.533 0.493 0.618
1.660 0.510 0.593
1.786 0.527 0.563
1.913 0.545 0.540
2.039 0.563 0.520
2.166 0.580 0.502
2.292 0.597 0.487
2.418 0.612 0.473
2.543 0.626 0.462
2.668 0.638 0.457
2.790 0.652 0.485
2.874 0.677 0.574
-2.905 0.529 0.586
-2.818 0.506 0.500
-2.696 0.491 0.472
-2.572 0.480 0.479
-2.447 0.467 0.491
-2.322 0.452 0.506
-2.196 0.437 0.522
-2.071 0.420 0.540
-1.945 0.403 0.560
-1.819 0.386 0.581
-1.693 0.369 0.604
-1.567 0.352 0.629
-1.441 0.336 0.655
-1.316 0.322 0.683
-1.190 0.308 0.712
-1.065 0.295 0.743
-0.941 0.283 0.774
-0.816 0.273 0.805
-0.690 0.263 0.833
-0.564 0.255 0.857
-0.437 0.247 0.875
-0.309 0.241 0.887
-0.181 0.236 0.894
-0.053 0.232 0.897
0.076 0.228 0.896
0.204 0.226 0.891
0.333 0.225 0.881
0.460 0.225 0.865
0.587 0.226 0.844
0.714 0.229 0.821
0.841 0.234 0.797
0.966 0.241 0.761
1.083 0.252 0.706
1.204 0.262 0.659
1.300 0.328 0.718
1.413 0.345 0.655
1.540 0.361 0.634
1.665 0.376 0.604
1.792 0.392 0.580
1.918 0.408 0.560
2.045 0.424 0.541
2.171 0.440 0.525
2.297 0.455 0.511
2.422 0.468 0.498
2.548 0.480 0.488
2.673 0.491 0.486
2.793 0.505 0.519
2.870 0.530 0.614
-2.902 0.384 0.626
-2.822 0.359 0.534
-2.702 0.344 0.500
-2.577 0.334 0.504
-2.452 0.323 0.515
-2.327 0.310 0.529
-2.202 0.296 0.544
-2.077 0.281 0.561
-1.951 0.266 0.579
-1.825 0.250 0.599
-1.699 0.235 0.621
-1.573 0.220 0.644
-1.447 0.206 0.668
-1.322 0.192 0.695
-1.196 0.179 0.722
-1.071 0.167 0.751
-0.946 0.156 0.780
-0.820 0.146 0.808
-0.694 0.137 0.834
-0.568 0.129 0.857
-0.441 0.122 0.874
-0.313 0.116 0.886
-0.184 0.111 0.893
-0.056 0.107 0.896
0.073 0.104 0.896
0.201 0.102 0.891
0.330 0.100 0.883
0.458 0.100 0.871
0.587 0.101 0.854
0.714 0.103 0.828
0.837 0.108 0.788
0.955 0.116 0.735
1.081 0.122 0.704
1.183 0.181 0.760
1.291 0.200 0.691
1.419 0.215 0.675
1.544 0.228 0.644
1.671 0.242 0.620
1.797 0.257 0.599
1.923 0.271 0.580
2.050 0.286 0.563
2.176 0.300 0.548
2.301 0.313 0.535
2.427 0.325 0.523
2.552 0.335 0.514
2.677 0.345 0.514
2.795 0.360 0.553
2.865 0.386 0.653
-2.898 0.239 0.665
-2.825 0.214 0.567
-2.707 0.199 0.527
-2.582 0.190 0.529
-2.457 0.180 0.539
-2.332 0.169 0.552
-2.207 0.156 0.566
-2.082 0.143 0.582
-1.956 0.129 0.599
-1.830 0.115 0.618
-1.704 0.101 0.638
-1.579 0.088 0.660
-1.453 0.074 0.683
-1.327 0.062 0.708
-1.201 0.050 0.733
-1.076 0.039 0.760
-0.950 0.029 0.787
-0.824 0.019 0.814
-0.698 0.011 0.838
-0.571 0.003 0.859
-0.444 -0.003 0.875
-0.316 -0.009 0.887
-0.188 -0.014 0.894
-0.059 -0.018 0.897
0.069 -0.021 0.897
0.198 -0.023 0.894
0.327 -0.024 0.887
0.455 -0.025 0.873
0.582 -0.025 0.847
0.705 -0.021 0.807
0.827 -0.018 0.766
0.956 -0.012 0.751
1.066 0.036 0.800
1.170 0.056 0.725
1.298 0.071 0.713
1.423 0.083 0.683
1.549 0.095 0.659
1.675 0.109 0.638
1.802 0.122 0.618
1.928 0.135 0.601
2.054 0.148 0.585
2.180 0.161 0.571
2.305 0.172 0.559
2.431 0.183 0.548
2.556 0.192 0.540
2.681 0.201 0.541
2.797 0.216 0.586
2.860 0.243 0.691
-2.893 0.096 0.703
-2.827 0.071 0.600
-2.711 0.056 0.555
-2.586 0.047 0.554
-2.461 0.038 0.563
-2.336 0.028 0.575
-2.211 0.017 0.588
-2.086 0.006 0.603
-1.960 -0.007 0.619
-1.835 -0.019 0.637
-1.709 -0.032 0.656
-1.583 -0.045 0.677
-1.457 -0.057 0.699
-1.331 -0.068 0.722
-1.206 -0.079 0.746
-1.080 -0.090 0.771
-0.954 -0.099 0.796
-0.828 -0.108 0.821
-0.702 -0.116 0.843
-0.575 -0.123 0.863
-0.447 -0.129 0.878
-0.319 -0.134 0.888
-0.191 -0.139 0.894
-0.062 -0.142 0.897
0.066 -0.145 0.896
0.194 -0.147 0.890
0.322 -0.149 0.878
0.448 -0.149 0.855
0.573 -0.149 0.825
0.700 -0.148 0.803
0.829 -0.141 0.800
0.949 -0.109 0.836
1.048 -0.085 0.756
1.176 -0.071 0.750
1.301 -0.061 0.720
1.427 -0.049 0.697
1.553 -0.037 0.676
1.679 -0.025 0.656
1.806 -0.013 0.639
1.932 -0.001 0.622
2.058 0.011 0.608
2.183 0.022 0.594
2.309 0.033 0.583
2.434 0.042 0.572
2.559 0.050 0.565
2.684 0.059 0.569
2.798 0.074 0.620
2.855 0.101 0.728
-2.888 -0.045 0.740
-2.828 -0.071 0.633
-2.715 -0.087 0.582
-2.590 -0.095 0.579
-2.465 -0.103 0.587
-2.340 -0.111 0.598
-2.215 -0.121 0.611
-2.090 -0.132 0.624
-1.964 -0.143 0.640
-1.839 -0.154 0.657
-1.713 -0.165 0.675
-1.587 -0.177 0.694
-1.461 -0.188 0.715
-1.335 -0.198 0.736
-1.209 -0.209 0.759
-1.083 -0.218 0.783
-0.957 -0.227 0.806
-0.831 -0.235 0.829
-0.705 -0.242 0.850
-0.578 -0.249 0.867
-0.450 -0.255 0.881
-0.322 -0.260 0.891
-0.194 -0.264 0.896
-0.066 -0.267 0.898
0.063 -0.270 0.896
0.191 -0.272 0.888
0.318 -0.274 0.876
0.445 -0.274 0.861
0.573 -0.272 0.854
0.701 -0.263 0.857
0.829 -0.251 0.866
0.926 -0.225 0.785
1.054 -0.212 0.785
1.179 -0.202 0.756
1.305 -0.191 0.733
1.431 -0.181 0.713
1.557 -0.170 0.693
1.683 -0.158 0.675
1.809 -0.147 0.659
1.935 -0.136 0.644
2.061 -0.126 0.630
2.186 -0.116 0.617
2.312 -0.106 0.606
2.437 -0.098 0.597
2.562 -0.091 0.591
2.687 -0.083 0.597
2.798 -0.067 0.653
2.849 -0.040 0.764
-2.882 -0.186 0.776
-2.828 -0.212 0.666
-2.718 -0.228 0.609
-2.593 -0.235 0.604
-2.468 -0.242 0.611
-2.343 -0.250 0.621
-2.218 -0.259 0.633
-2.093 -0.268 0.646
-1.967 -0.278 0.660
-1.842 -0.288 0.676
-1.716 -0.299 0.693
-1.590 -0.309 0.711
-1.464 -0.319 0.731
-1.339 -0.329 0.751
-1.213 -0.338 0.773
-1.087 -0.347 0.795
-0.960 -0.355 0.817
-0.834 -0.363 0.838
-0.707 -0.369 0.856
-0.580 -0.376 0.872
-0.452 -0.381 0.885
-0.325 -0.386 0.893
-0.196 -0.390 0.899
-0.068 -0.393 0.902
0.060 -0.395 0.903
0.188 -0.396 0.903
0.316 -0.396 0.902
0.445 -0.394 0.901
0.574 -0.391 0.897
0.702 -0.388 0.885
0.803 -0.364 0.809
0.931 -0.350 0.816
1.056 -0.341 0.790
1.182 -0.332 0.768
1.308 -0.322 0.749
1.434 -0.312 0.729
1.560 -0.302 0.712
1.686 -0.292 0.695
1.812 -0.281 0.679
1.938 -0.271 0.665
2.064 -0.262 0.652
2.189 -0.253 0.640
2.315 -0.245 0.630
2.440 -0.237 0.621
2.565 -0.230 0.616
2.690 -0.223 0.624
2.797 -0.207 0.686
2.842 -0.179 0.799
-2.875 -0.325 0.811
-2.828 -0.352 0.699
-2.721 -0.368 0.636
-2.596 -0.375 0.629
-2.471 -0.381 0.634
-2.346 -0.388 0.644
-2.221 -0.396 0.655
-2.095 -0.404 0.667
-1.970 -0.413 0.681
-1.844 -0.422 0.696
-1.719 -0.432 0.712
-1.593 -0.441 0.729
-1.467 -0.450 0.747
-1.341 -0.459 0.767
-1.215 -0.468 0.787
-1.089 -0.476 0.807
-0.963 -0.483 0.827
-0.836 -0.490 0.846
-0.710 -0.497 0.863
-0.582 -0.502 0.877
-0.455 -0.508 0.888
-0.327 -0.512 0.896
-0.199 -0.515 0.901
-0.071 -0.518 0.905
0.057 -0.520 0.910
0.186 -0.520 0.915
0.314 -0.520 0.918
0.443 -0.520 0.910
0.570 -0.517 0.891
0.681 -0.501 0.830
0.807 -0.487 0.845
0.933 -0.479 0.822
1.059 -0.471 0.801
1.185 -0.462 0.783
1.311 -0.453 0.765
1.437 -0.443 0.747
1.563 -0.434 0.730
1.689 -0.425 0.714
1.815 -0.415 0.699
1.941 -0.406 0.686
2.066 -0.398 0.674
2.192 -0.389 0.662
2.317 -0.382 0.653
2.442 -0.375 0.645
2.567 -0.369 0.641
2.692 -0.362 0.651
2.796 -0.345 0.718
2.835 -0.318 0.833
-2.868 -0.464 0.846
-2.826 -0.490 0.731
-2.723 -0.507 0.663
-2.598 -0.514 0.653
-2.473 -0.519 0.658
-2.348 -0.525 0.666
-2.223 -0.532 0.677
-2.098 -0.540 0.688
-1.972 -0.548 0.701
-1.847 -0.556 0.715
-1.721 -0.564 0.730
-1.595 -0.573 0.747
-1.469 -0.581 0.764
-1.343 -0.589 0.782
-1.217 -0.597 0.801
-1.091 -0.605 0.820
-0.965 -0.612 0.838
-0.838 -0.618 0.855
-0.711 -0.624 0.870
-0.584 -0.630 0.882
-0.456 -0.634 0.891
-0.329 -0.638 0.898
-0.201 -0.641 0.902
-0.073 -0.644 0.905
0.055 -0.645 0.908
0.183 -0.646 0.909
0.311 -0.645 0.903
0.437 -0.643 0.883
0.559 -0.637 0.847
0.683 -0.622 0.870
0.809 -0.615 0.850
0.935 -0.608 0.831
1.062 -0.600 0.816
1.188 -0.591 0.798
1.314 -0.583 0.781
1.440 -0.574 0.764
1.566 -0.566 0.748
1.692 -0.557 0.733
1.817 -0.549 0.720
1.943 -0.540 0.707
2.068 -0.533 0.695
2.194 -0.525 0.685
2.319 -0.519 0.676
2.444 -0.513 0.668
2.569 -0.507 0.665
2.694 -0.500 0.678
2.794 -0.483 0.750
2.828 -0.456 0.867
-2.861 -0.602 0.880
-2.824 -0.628 0.763
-2.725 -0.645 0.690
-2.600 -0.652 0.678
-2.475 -0.657 0.681
-2.350 -0.662 0.689
-2.225 -0.668 0.699
-2.099 -0.675 0.709
-1.974 -0.682 0.722
-1.848 -0.689 0.735
-1.723 -0.697 0.749
-1.597 -0.704 0.764
-1.471 -0.712 0.781
-1.345 -0.720 0.797
-1.219 -0.727 0.815
-1.093 -0.734 0.832
-0.966 -0.740 0.848
-0.840 -0.746 0.864
-0.713 -0.752 0.876
-0.585 -0.757 0.887
-0.458 -0.761 0.894
-0.330 -0.765 0.899
-0.202 -0.768 0.902
-0.075 -0.770 0.904
0.053 -0.771 0.903
0.180 -0.770 0.896
0.307 -0.769 0.881
0.433 -0.768 0.868
0.559 -0.756 0.890
0.685 -0.750 0.874
0.811 -0.743 0.857
0.938 -0.736 0.845
1.064 -0.729 0.829
1.190 -0.721 0.813
1.316 -0.713 0.797
1.442 -0.705 0.781
1.568 -0.698 0.767
1.694 -0.690 0.753
1.819 -0.682 0.740
1.945 -0.674 0.727
2.070 -0.667 0.716
2.195 -0.661 0.707
2.321 -0.655 0.698
2.446 -0.649 0.692
2.571 -0.644 0.689
2.695 -0.637 0.704
2.792 -0.620 0.781
2.821 -0.593 0.900
-2.852 -0.739 0.913
-2.821 -0.765 0.795
-2.726 -0.782 0.716
-2.601 -0.789 0.702
-2.476 -0.793 0.704
-2.351 -0.798 0.711
-2.226 -0.803 0.720
-2.101 -0.809 0.730
-1.975 -0.815 0.742
-1.850 -0.822 0.754
-1.724 -0.829 0.767
-1.598 -0.836 0.782
-1.473 -0.843 0.797
-1.347 -0.850 0.812
-1.220 -0.856 0.828
-1.094 -0.863 0.844
-0.967 -0.869 0.858
-0.841 -0.874 0.871
-0.714 -0.880 0.882
-0.586 -0.884 0.891
-0.459 -0.888 0.897
-0.331 -0.892 0.901
-0.203 -0.894 0.903
-0.076 -0.896 0.904
0.052 -0.897 0.903
0.179 -0.896 0.900
0.306 -0.894 0.899
0.433 -0.889 0.906
0.560 -0.884 0.891
0.686 -0.878 0.877
0.813 -0.872 0.868
0.939 -0.865 0.855
1.066 -0.858 0.842
1.192 -0.851 0.827
1.318 -0.844 0.813
1.444 -0.836 0.798
1.570 -0.829 0.785
1.695 -0.822 0.771
1.821 -0.815 0.759
1.946 -0.808 0.748
2.072 -0.801 0.738
2.197 -0.795 0.728
2.322 -0.790 0.721
2.447 -0.785 0.714
2.572 -0.781 0.713
2.696 -0.774 0.730
2.789 -0.756 0.812
2.813 -0.729 0.932
-2.844 -0.875 0.945
-2.817 -0.901 0.825
-2.726 -0.919 0.742
-2.602 -0.925 0.725
-2.477 -0.929 0.727
-2.352 -0.933 0.733
-2.227 -0.938 0.741
-2.102 -0.943 0.751
-1.976 -0.949 0.761
-1.851 -0.955 0.773
-1.725 -0.961 0.786
-1.599 -0.967 0.799
-1.473 -0.974 0.813
-1.347 -0.980 0.827
-1.221 -0.986 0.841
-1.095 -0.992 0.855
-0.968 -0.998 0.868
-0.841 -1.003 0.879
-0.714 -1.008 0.888
-0.587 -1.012 0.894
-0.459 -1.016 0.899
-0.332 -1.019 0.902
-0.204 -1.021 0.904
-0.076 -1.022 0.905
0.051 -1.023 0.905
0.179 -1.022 0.906
0.306 -1.020 0.909
0.433 -1.016 0.900
0.560 -1.011 0.891
0.687 -1.006 0.885
0.814 -1.000 0.876
0.941 -0.994 0.866
1.067 -0.987 0.854
1.193 -0.981 0.841
1.319 -0.974 0.828
1.445 -0.967 0.815
1.571 -0.960 0.802
1.696 -0.954 0.790
1.822 -0.947 0.778
1.947 -0.941 0.768
2.073 -0.935 0.758
2.198 -0.930 0.750
2.323 -0.925 0.742
2.448 -0.920 0.737
2.574 -0.916 0.736
2.697 -0.910 0.755
2.785 -0.892 0.842
2.805 -0.865 0.963
-2.834 -1.011 0.976
-2.813 -1.037 0.856
-2.727 -1.055 0.767
-2.603 -1.060 0.748
-2.478 -1.064 0.749
-2.353 -1.068 0.755
-2.228 -1.072 0.762
-2.102 -1.077 0.771
-1.977 -1.082 0.781
-1.851 -1.087 0.792
-1.726 -1.093 0.803
-1.600 -1.098 0.815
-1.474 -1.104 0.828
-1.348 -1.110 0.841
-1.222 -1.116 0.853
-1.095 -1.121 0.865
-0.968 -1.126 0.876
-0.841 -1.131 0.885
-0.714 -1.136 0.892
-0.587 -1.140 0.897
-0.459 -1.143 0.901
-0.332 -1.146 0.903
-0.204 -1.148 0.904
-0.077 -1.149 0.905
0.051 -1.149 0.905
0.179 -1.148 0.905
0.306 -1.146 0.903
0.433 -1.143 0.899
0.561 -1.139 0.896
0.688 -1.134 0.890
0.815 -1.128 0.883
0.941 -1.123 0.875
1.068 -1.117 0.865
1.194 -1.110 0.854
1.320 -1.104 0.842
1.446 -1.098 0.830
1.572 -1.091 0.819
1.697 -1.085 0.808
1.823 -1.079 0.797
1.948 -1.074 0.787
2.074 -1.068 0.778
2.199 -1.063 0.770
2.324 -1.059 0.764
2.449 -1.055 0.759
2.574 -1.051 0.759
2.698 -1.045 0.780
2.780 -1.027 0.872
2.796 -1.001 0.993
-2.824 -1.146 1.007
-2.807 -1.172 0.886
-2.727 -1.190 0.792
-2.603 -1.195 0.771
-2.478 -1.199 0.771
-2.353 -1.202 0.776
-2.228 -1.205 0.783
-2.102 -1.210 0.791
-1.977 -1.214 0.800
-1.852 -1.219 0.810
-1.726 -1.224 0.820
-1.600 -1.229 0.831
-1.474 -1.235 0.842
-1.348 -1.240 0.854
-1.222 -1.245 0.864
-1.095 -1.250 0.874
-0.968 -1.255 0.883
-0.841 -1.260 0.890
-0.714 -1.264 0.896
-0.587 -1.268 0.900
-0.459 -1.271 0.902
-0.332 -1.273 0.904
-0.204 -1.275 0.905
-0.077 -1.276 0.905
0.051 -1.276 0.905
0.179 -1.275 0.904
0.306 -1.273 0.903
0.434 -1.270 0.901
0.561 -1.266 0.899
0.688 -1.262 0.895
0.815 -1.257 0.889
0.942 -1.251 0.882
1.068 -1.246 0.874
1.195 -1.240 0.865
1.321 -1.234 0.855
1.447 -1.228 0.845
1.572 -1.222 0.835
1.698 -1.217 0.824
1.824 -1.211 0.815
1.949 -1.206 0.806
2.074 -1.201 0.798
2.200 -1.196 0.791
2.325 -1.192 0.784
2.450 -1.189 0.780
2.575 -1.185 0.781
2.698 -1.179 0.804
2.775 -1.161 0.901
2.787 -1.135 1.022
-2.814 -1.281 1.036
-2.801 -1.306 0.914
-2.726 -1.324 0.816
-2.603 -1.330 0.793
-2.478 -1.332 0.792
-2.353 -1.335 0.796
-2.228 -1.338 0.802
-2.102 -1.342 0.810
-1.977 -1.346 0.818
-1.852 -1.351 0.827
-1.726 -1.355 0.836
-1.600 -1.360 0.846
-1.474 -1.365 0.856
-1.348 -1.370 0.865
-1.222 -1.375 0.874
-1.095 -1.380 0.882
-0.968 -1.384 0.889
-0.841 -1.388 0.895
-0.714 -1.392 0.899
-0.587 -1.395 0.902
-0.459 -1.398 0.903
-0.332 -1.400 0.904
-0.204 -1.402 0.905
-0.077 -1.403 0.905
0.051 -1.403 0.905
0.179 -1.402 0.905
0.306 -1.400 0.904
0.434 -1.397 0.903
0.561 -1.394 0.901
0.688 -1.390 0.898
0.815 -1.385 0.894
0.942 -1.380 0.889
1.068 -1.375 0.882
1.195 -1.370 0.875
1.321 -1.364 0.867
1.447 -1.359 0.858
1.573 -1.353 0.849
1.698 -1.348 0.840
1.824 -1.343 0.832
1.949 -1.338 0.824
2.075 -1.333 0.816
2.200 -1.329 0.810
2.325 -1.326 0.804
2.450 -1.322 0.800
2.575 -1.319 0.803
2.698 -1.313 0.828
2.769 -1.295 0.929
2.778 -1.270 1.051
-2.802 -1.415 1.065
-2.794 -1.440 0.942
-2.725 -1.458 0.839
-2.603 -1.463 0.814
-2.478 -1.466 0.812
-2.353 -1.468 0.815
-2.228 -1.471 0.821
-2.102 -1.474 0.828
-1.977 -1.478 0.835
-1.851 -1.482 0.843
-1.726 -1.486 0.851
-1.600 -1.491 0.859
-1.474 -1.495 0.867
-1.348 -1.500 0.875
-1.221 -1.505 0.882
-1.095 -1.509 0.889
-0.968 -1.513 0.894
-0.841 -1.517 0.898
-0.714 -1.520 0.901
-0.586 -1.523 0.903
-0.459 -1.526 0.904
-0.332 -1.528 0.905
-0.204 -1.529 0.905
-0.077 -1.530 0.905
0.051 -1.530 0.905
0.179 -1.529 0.905
0.306 -1.527 0.905
0.433 -1.525 0.904
0.561 -1.522 0.902
0.688 -1.518 0.900
0.815 -1.514 0.898
0.942 -1.509 0.894
1.068 -1.504 0.889
1.195 -1.499 0.883
1.321 -1.494 0.877
1.447 -1.489 0.870
1.573 -1.484 0.862
1.699 -1.479 0.855
1.824 -1.474 0.847
1.950 -1.469 0.840
2.075 -1.465 0.834
2.200 -1.461 0.828
2.325 -1.458 0.823
2.450 -1.455 0.820
2.575 -1.452 0.823
2.697 -1.447 0.851
2.763 -1.428 0.956
2.768 -1.403 1.078
-2.790 -1.549 1.092
-2.786 -1.573 0.969
-2.724 -1.591 0.862
-2.603 -1.596 0.834
-2.477 -1.598 0.831
-2.352 -1.601 0.834
-2.227 -1.603 0.839
-2.102 -1.606 0.844
-1.976 -1.610 0.850
-1.851 -1.613 0.857
-1.725 -1.617 0.864
-1.599 -1.621 0.871
-1.473 -1.626 0.877
-1.347 -1.630 0.884
-1.220 -1.634 0.889
-1.094 -1.638 0.894
-0.967 -1.642 0.898
-0.840 -1.646 0.901
-0.713 -1.649 0.903
-0.586 -1.651 0.904
-0.459 -1.654 0.905
-0.331 -1.655 0.905
-0.204 -1.657 0.905
-0.076 -1.657 0.905
0.051 -1.657 0.905
0.179 -1.656 0.905
0.306 -1.655 0.905
0.433 -1.652 0.904
0.561 -1.649 0.904
0.688 -1.646 0.902
0.815 -1.642 0.900
0.942 -1.638 0.898
1.068 -1.634 0.894
1.195 -1.629 0.890
1.321 -1.624 0.885
1.447 -1.619 0.879
1.573 -1.614 0.873
1.698 -1.610 0.867
1.824 -1.605 0.861
1.950 -1.601 0.855
2.075 -1.597 0.850
2.200 -1.593 0.845
2.325 -1.590 0.841
2.450 -1.588 0.838
2.575 -1.585 0.842
2.697 -1.579 0.873
2.756 -1.561 0.982
2.758 -1.537 1.104
-2.778 -1.682 1.118
-2.778 -1.706 0.995
-2.722 -1.724 0.884
-2.602 -1.729 0.852
-2.477 -1.731 0.849
-2.351 -1.733 0.851
-2.226 -1.735 0.854
-2.101 -1.738 0.859
-1.976 -1.741 0.864
-1.850 -1.744 0.870
-1.724 -1.748 0.875
-1.598 -1.752 0.881
-1.472 -1.756 0.886
-1.346 -1.760 0.890
-1.220 -1.764 0.895
-1.093 -1.767 0.898
-0.966 -1.771 0.900
-0.840 -1.774 0.902
-0.713 -1.777 0.904
-0.585 -1.779 0.904
-0.458 -1.781 0.905
-0.331 -1.783 0.905
-0.204 -1.784 0.905
-0.076 -1.784 0.905
0.051 -1.784 0.905
0.179 -1.783 0.905
0.306 -1.782 0.905
0.433 -1.780 0.905
0.561 -1.777 0.904
0.688 -1.774 0.903
0.815 -1.771 0.902
0.941 -1.767 0.900
1.068 -1.763 0.898
1.194 -1.758 0.895
1.321 -1.754 0.891
1.447 -1.749 0.887
1.573 -1.745 0.883
1.698 -1.740 0.878
1.824 -1.736 0.873
1.949 -1.732 0.868
2.075 -1.728 0.864
2.200 -1.725 0.860
2.325 -1.722 0.856
2.450 -1.720 0.855
2.575 -1.717 0.860
2.695 -1.711 0.895
2.748 -1.693 1.007
2.747 -1.670 1.130
-2.765 -1.816 1.143
-2.769 -1.838 1.020
-2.720 -1.856 0.906
-2.601 -1.861 0.869
-2.476 -1.862 0.864
-2.351 -1.864 0.865
-2.225 -1.866 0.868
-2.100 -1.869 0.872
-1.975 -1.872 0.876
-1.849 -1.875 0.880
-1.723 -1.879 0.884
-1.597 -1.882 0.888
-1.471 -1.886 0.892
-1.345 -1.889 0.896
-1.219 -1.893 0.898
-1.092 -1.896 0.901
-0.966 -1.900 0.902
-0.839 -1.903 0.904
-0.712 -1.905 0.904
-0.585 -1.907 0.905
-0.458 -1.909 0.905
-0.330 -1.911 0.905
-0.203 -1.911 0.905
-0.076 -1.912 0.905
0.051 -1.912 0.905
0.179 -1.911 0.905
0.306 -1.909 0.905
0.433 -1.908 0.905
0.560 -1.905 0.905
0.687 -1.902 0.904
0.814 -1.899 0.903
0.941 -1.895 0.902
1.068 -1.892 0.901
1.194 -1.888 0.899
1.320 -1.883 0.896
1.446 -1.879 0.893
1.572 -1.875 0.890
1.698 -1.871 0.887
1.824 -1.867 0.883
1.949 -1.863 0.879
2.074 -1.859 0.876
2.200 -1.856 0.873
2.325 -1.853 0.870
2.450 -1.851 0.869
2.575 -1.849 0.876
2.693 -1.843 0.916
2.741 -1.825 1.030
2.736 -1.803 1.153
-2.752 -1.949 1.166
-2.759 -1.970 1.043
-2.717 -1.988 0.926
-2.600 -1.992 0.884
-2.475 -1.994 0.878
-2.350 -1.996 0.878
-2.224 -1.998 0.880
-2.099 -2.000 0.883
-1.974 -2.003 0.885
-1.848 -2.006 0.889
-1.722 -2.009 0.892
-1.597 -2.012 0.894
-1.470 -2.016 0.897
-1.344 -2.019 0.899
-1.218 -2.022 0.901
-1.091 -2.025 0.903
-0.965 -2.028 0.904
-0.838 -2.031 0.904
-0.711 -2.033 0.905
-0.584 -2.035 0.905
-0.457 -2.037 0.905
-0.330 -2.038 0.905
-0.203 -2.039 0.905
-0.076 -2.039 0.905
0.052 -2.039 0.905
0.179 -2.038 0.905
0.306 -2.037 0.905
0.433 -2.035 0.905
0.560 -2.033 0.905
0.687 -2.030 0.905
0.814 -2.027 0.904
0.941 -2.024 0.904
1.067 -2.020 0.903
1.194 -2.017 0.901
1.320 -2.013 0.900
1.446 -2.009 0.898
1.572 -2.005 0.896
1.698 -2.001 0.893
1.823 -1.997 0.891
1.949 -1.993 0.888
2.074 -1.990 0.886
2.199 -1.987 0.883
2.324 -1.984 0.881
2.449 -1.982 0.882
2.574 -1.980 0.891
2.691 -1.974 0.936
2.733 -1.957 1.052
2.725 -1.936 1.176
-2.738 -2.082 1.187
-2.750 -2.102 1.064
-2.714 -2.119 0.946
-2.598 -2.123 0.897
-2.474 -2.125 0.889
-2.349 -2.127 0.888
-2.223 -2.128 0.889
-2.098 -2.131 0.891
-1.973 -2.133 0.893
-1.847 -2.136 0.895
-1.721 -2.139 0.897
-1.596 -2.142 0.899
-1.470 -2.145 0.900
-1.343 -2.148 0.902
-1.217 -2.151 0.903
-1.091 -2.154 0.904
-0.964 -2.157 0.904
-0.837 -2.159 0.905
-0.710 -2.161 0.905
-0.584 -2.163 0.905
-0.457 -2.165 0.905
-0.330 -2.166 0.905
-0.202 -2.166 0.905
-0.075 -2.167 0.905
0.052 -2.166 0.905
0.179 -2.166 0.905
0.306 -2.165 0.905
0.433 -2.163 0.905
0.560 -2.161 0.905
0.687 -2.158 0.905
0.814 -2.156 0.905
0.941 -2.152 0.904
1.067 -2.149 0.904
1.193 -2.146 0.903
1.320 -2.142 0.902
1.446 -2.138 0.901
1.572 -2.135 0.900
1.697 -2.131 0.898
1.823 -2.127 0.896
1.948 -2.124 0.895
2.074 -2.121 0.893
2.199 -2.118 0.891
2.324 -2.115 0.891
2.449 -2.113 0.893
2.574 -2.111 0.903
2.687 -2.105 0.955
2.725 -2.088 1.073
2.715 -2.069 1.196
-2.725 -2.215 1.207
-2.740 -2.233 1.084
-2.709 -2.249 0.964
-2.597 -2.254 0.909
-2.473 -2.256 0.898
-2.347 -2.257 0.896
-2.222 -2.259 0.896
-2.097 -2.261 0.897
-1.972 -2.264 0.898
-1.846 -2.266 0.899
-1.720 -2.269 0.900
-1.595 -2.272 0.902
-1.469 -2.275 0.903
-1.342 -2.277 0.903
-1.216 -2.280 0.904
-1.090 -2.283 0.905
-0.963 -2.285 0.905
-0.837 -2.287 0.905
-0.710 -2.289 0.905
-0.583 -2.291 0.905
-0.456 -2.292 0.905
-0.329 -2.293 0.905
-0.202 -2.294 0.905
-0.075 -2.294 0.905
0.052 -2.294 0.905
0.179 -2.293 0.905
0.306 -2.292 0.905
0.433 -2.290 0.905
0.560 -2.289 0.905
0.687 -2.286 0.905
0.814 -2.284 0.905
0.940 -2.281 0.905
1.067 -2.278 0.905
1.193 -2.274 0.904
1.319 -2.271 0.904
1.445 -2.268 0.903
1.571 -2.264 0.902
1.697 -2.261 0.901
1.823 -2.257 0.900
1.948 -2.254 0.899
2.073 -2.251 0.898
2.199 -2.248 0.897
2.324 -2.246 0.897
2.449 -2.243 0.901
2.573 -2.241 0.914
2.683 -2.235 0.973
2.718 -2.220 1.092
2.704 -2.202 1.215
-2.712 -2.347 1.224
-2.732 -2.364 1.102
-2.704 -2.379 0.981
-2.596 -2.384 0.920
-2.472 -2.386 0.905
-2.346 -2.387 0.902
-2.221 -2.389 0.901
-2.096 -2.391 0.901
-1.971 -2.394 0.901
-1.845 -2.396 0.902
-1.719 -2.398 0.903
-1.594 -2.401 0.903
-1.468 -2.404 0.904
-1.342 -2.406 0.904
-1.215 -2.409 0.905
-1.089 -2.411 0.905
-0.962 -2.414 0.905
-0.836 -2.416 0.905
-0.709 -2.417 0.905
-0.582 -2.419 0.905
-0.455 -2.420 0.905
-0.329 -2.421 0.905
-0.202 -2.421 0.905
-0.075 -2.422 0.905
0.052 -2.421 0.905
0.179 -2.421 0.905
0.306 -2.419 0.905
0.433 -2.418 0.905
0.560 -2.416 0.905
0.687 -2.414 0.905
0.814 -2.412 0.905
0.940 -2.409 0.905
1.067 -2.406 0.905
1.193 -2.403 0.905
1.319 -2.400 0.904
1.445 -2.397 0.904
1.571 -2.393 0.904
1.697 -2.390 0.903
1.822 -2.387 0.903
1.948 -2.384 0.902
2.073 -2.381 0.902
2.198 -2.378 0.901
2.323 -2.376 0.903
2.448 -2.373 0.908
2.572 -2.371 0.925
2.679 -2.365 0.990
2.712 -2.350 1.110
2.693 -2.334 1.233
-2.699 -2.480 1.240
-2.724 -2.495 1.119
-2.699 -2.509 0.997
-2.594 -2.514 0.930
-2.471 -2.516 0.910
-2.346 -2.517 0.905
-2.220 -2.519 0.904
-2.095 -2.521 0.903
-1.970 -2.523 0.904
-1.844 -2.525 0.904
-1.719 -2.528 0.904
-1.593 -2.530 0.904
-1.467 -2.533 0.905
-1.341 -2.535 0.905
-1.214 -2.537 0.905
-1.088 -2.540 0.905
-0.962 -2.542 0.905
-0.835 -2.544 0.905
-0.708 -2.545 0.905
-0.582 -2.547 0.905
-0.455 -2.548 0.905
-0.328 -2.548 0.905
-0.201 -2.549 0.905
-0.074 -2.549 0.905
0.053 -2.549 0.905
0.180 -2.548 0.905
0.307 -2.547 0.905
0.433 -2.546 0.905
0.560 -2.544 0.905
0.687 -2.542 0.905
0.814 -2.540 0.905
0.940 -2.537 0.905
1.067 -2.534 0.905
1.193 -2.531 0.905
1.319 -2.528 0.905
1.445 -2.525 0.905
1.571 -2.522 0.905
1.697 -2.519 0.904
1.822 -2.516 0.904
1.948 -2.513 0.904
2.073 -2.510 0.904
2.198 -2.508 0.904
2.323 -2.505 0.906
2.448 -2.503 0.913
2.571 -2.500 0.934
2.674 -2.494 1.006
2.707 -2.481 1.126
2.684 -2.466 1.247
-2.687 -2.612 1.253
-2.718 -2.626 1.133
-2.695 -2.638 1.011
-2.593 -2.643 0.939
-2.470 -2.645 0.914
-2.345 -2.647 0.908
-2.220 -2.648 0.906
-2.094 -2.650 0.905
-1.969 -2.652 0.905
-1.843 -2.654 0.905
-1.718 -2.657 0.905
-1.592 -2.659 0.905
-1.466 -2.661 0.905
-1.340 -2.663 0.905
-1.214 -2.666 0.905
-1.087 -2.668 0.905
-0.961 -2.670 0.905
-0.834 -2.671 0.905
-0.708 -2.673 0.905
-0.581 -2.674 0.905
-0.454 -2.675 0.905
-0.328 -2.676 0.905
-0.201 -2.676 0.905
-0.074 -2.676 0.905
0.053 -2.676 0.905
0.180 -2.675 0.905
0.307 -2.674 0.905
0.434 -2.673 0.905
0.560 -2.671 0.905
0.687 -2.669 0.905
0.814 -2.667 0.905
0.940 -2.665 0.905
1.067 -2.662 0.905
1.193 -2.660 0.905
1.319 -2.657 0.905
1.445 -2.654 0.905
1.571 -2.651 0.905
1.697 -2.648 0.905
1.822 -2.645 0.905
1.948 -2.642 0.905
2.073 -2.639 0.905
2.198 -2.637 0.906
2.324 -2.634 0.909
2.448 -2.632 0.917
2.570 -2.629 0.944
2.670 -2.623 1.019
2.704 -2.611 1.139
2.675 -2.599 1.260
-2.676 -2.745 1.264
-2.714 -2.756 1.145
-2.691 -2.767 1.023
-2.591 -2.772 0.948
-2.469 -2.774 0.918
-2.344 -2.776 0.909
-2.219 -2.778 0.907
-2.094 -2.779 0.906
-1.968 -2.781 0.906
-1.843 -2.783 0.906
-1.717 -2.785 0.906
-1.591 -2.787 0.906
-1.465 -2.790 0.906
-1.339 -2.792 0.906
-1.213 -2.794 0.906
-1.087 -2.796 0.906
-0.960 -2.797 0.905
-0.834 -2.799 0.905
-0.707 -2.800 0.905
-0.581 -2.801 0.905
-0.454 -2.802 0.905
-0.327 -2.803 0.905
-0.200 -2.803 0.905
-0.073 -2.803 0.905
0.053 -2.803 0.905
0.180 -2.802 0.905
0.307 -2.801 0.905
0.434 -2.800 0.905
0.561 -2.799 0.905
0.687 -2.797 0.905
0.814 -2.795 0.905
0.940 -2.793 0.905
1.067 -2.790 0.905
1.193 -2.788 0.905
1.319 -2.785 0.906
1.445 -2.782 0.906
1.571 -2.779 0.906
1.697 -2.776 0.906
1.822 -2.774 0.906
1.948 -2.771 0.906
2.073 -2.768 0.906
2.199 -2.766 0.907
2.324 -2.763 0.911
2.449 -2.761 0.921
2.569 -2.757 0.954
2.667 -2.751 1.031
2.703 -2.741 1.150
2.667 -2.731 1.270
-2.666 -2.877 1.272
-2.712 -2.886 1.156
-2.688 -2.895 1.034
-2.589 -2.900 0.957
-2.469 -2.903 0.923
-2.344 -2.905 0.912
-2.219 -2.906 0.908
-2.093 -2.908 0.907
-1.968 -2.910 0.906
-1.842 -2.912 0.906
-1.717 -2.914 0.906
-1.591 -2.916 0.906
-1.465 -2.918 0.906
-1.339 -2.920 0.906
-1.212 -2.921 0.906
-1.086 -2.923 0.906
-0.960 -2.925 0.906
-0.833 -2.926 0.906
-0.707 -2.928 0.906
-0.580 -2.929 0.906
-0.453 -2.930 0.906
-0.327 -2.930 0.906
-0.200 -2.930 0.906
-0.073 -2.930 0.906
0.054 -2.930 0.906
0.181 -2.930 0.906
0.307 -2.929 0.906
0.434 -2.927 0.906
0.561 -2.926 0.906
0.687 -2.924 0.906
0.814 -2.922 0.906
0.940 -2.920 0.906
1.067 -2.918 0.906
1.193 -2.915 0.906
1.319 -2.913 0.906
1.445 -2.910 0.906
1.571 -2.907 0.906
1.697 -2.905 0.906
1.823 -2.902 0.906
1.948 -2.899 0.907
2.074 -2.897 0.907
2.199 -2.894 0.909
2.324 -2.892 0.913
2.449 -2.889 0.926
2.568 -2.885 0.964
2.666 -2.879 1.041
2.704 -2.870 1.160
2.660 -2.863 1.276
-2.659 -3.009 1.277
-2.712 -3.015 1.164
-2.687 -3.023 1.042
-2.588 -3.028 0.966
-2.468 -3.031 0.929
-2.344 -3.033 0.915
-2.218 -3.035 0.910
-2.093 -3.036 0.908
-1.967 -3.038 0.908
-1.842 -3.040 0.907
-1.716 -3.042 0.907
-1.590 -3.043 0.907
-1.464 -3.045 0.907
-1.338 -3.047 0.907
-1.212 -3.049 0.907
-1.086 -3.051 0.906
-0.959 -3.052 0.906
-0.833 -3.054 0.906
-0.706 -3.055 0.906
-0.580 -3.056 0.906
-0.453 -3.057 0.906
-0.326 -3.057 0.906
-0.199 -3.057 0.906
-0.073 -3.057 0.906
0.054 -3.057 0.906
0.181 -3.056 0.906
0.308 -3.056 0.906
0.434 -3.054 0.906
0.561 -3.053 0.906
0.688 -3.051 0.906
0.814 -3.049 0.906
0.941 -3.047 0.906
1.067 -3.045 0.906
1.193 -3.043 0.906
1.320 -3.040 0.907
1.446 -3.038 0.907
1.572 -3.035 0.907
1.697 -3.032 0.907
1.823 -3.030 0.907
1.949 -3.027 0.908
2.074 -3.025 0.909
2.200 -3.022 0.911
2.325 -3.020 0.917
2.449 -3.017 0.933
2.567 -3.013 0.973
2.667 -3.007 1.049
2.707 -2.999 1.167
2.655 -2.994 1.280
-2.652 -3.140 1.279
-2.714 -3.144 1.171
-2.687 -3.150 1.049
-2.587 -3.156 0.974
-2.468 -3.159 0.937
-2.343 -3.161 0.920
-2.218 -3.162 0.913
-2.093 -3.164 0.911
-1.967 -3.166 0.910
-1.842 -3.168 0.910
-1.716 -3.169 0.909
-1.590 -3.171 0.909
-1.464 -3.173 0.909
-1.338 -3.175 0.908
-1.212 -3.176 0.908
-1.085 -3.178 0.908
-0.959 -3.179 0.908
-0.832 -3.181 0.907
-0.706 -3.182 0.907
-0.579 -3.183 0.907
-0.453 -3.184 0.907
-0.326 -3.184 0.907
-0.199 -3.184 0.907
-0.072 -3.184 0.907
0.055 -3.184 0.907
0.181 -3.183 0.907
0.308 -3.182 0.907
0.435 -3.181 0.907
0.562 -3.180 0.907
0.688 -3.178 0.907
0.815 -3.176 0.907
0.941 -3.174 0.908
1.068 -3.172 0.908
1.194 -3.170 0.908
1.320 -3.168 0.908
1.446 -3.165 0.908
1.572 -3.163 0.909
1.698 -3.160 0.909
1.824 -3.158 0.910
1.949 -3.155 0.910
2.075 -3.153 0.912
2.200 -3.150 0.915
2.325 -3.147 0.923
2.449 -3.144 0.942
2.568 -3.140 0.981
2.669 -3.134 1.054
2.711 -3.127 1.172
2.650 -3.125 1.281
-2.648 -3.271 1.279
-2.717 -3.272 1.175
-2.689 -3.277 1.054
-2.587 -3.283 0.981
-2.467 -3.286 0.945
-2.343 -3.288 0.928
-2.218 -3.290 0.920
-2.093 -3.292 0.916
-1.967 -3.293 0.914
-1.841 -3.295 0.913
-1.716 -3.297 0.913
-1.590 -3.298 0.912
-1.464 -3.300 0.912
-1.338 -3.302 0.911
-1.211 -3.303 0.911
-1.085 -3.305 0.911
-0.959 -3.306 0.910
-0.832 -3.308 0.910
-0.706 -3.309 0.910
-0.579 -3.310 0.910
-0.452 -3.310 0.909
-0.325 -3.311 0.909
-0.199 -3.311 0.909
-0.072 -3.311 0.909
0.055 -3.311 0.909
0.182 -3.310 0.909
0.309 -3.309 0.909
0.435 -3.308 0.909
0.562 -3.307 0.910
0.689 -3.305 0.910
0.815 -3.303 0.910
0.942 -3.301 0.910
1.068 -3.299 0.910
1.194 -3.297 0.911
1.321 -3.295 0.911
1.447 -3.292 0.912
1.573 -3.290 0.912
1.699 -3.287 0.913
1.824 -3.285 0.913
1.950 -3.282 0.915
2.076 -3.280 0.917
2.201 -3.277 0.922
2.326 -3.275 0.932
2.450 -3.271 0.952
2.569 -3.267 0.988
2.673 -3.261 1.058
2.716 -3.255 1.175
2.647 -3.255 1.280
-2.646 -3.401 1.278
-2.722 -3.400 1.179
-2.691 -3.404 1.058
-2.588 -3.409 0.988
-2.467 -3.413 0.955
-2.343 -3.415 0.938
-2.218 -3.417 0.929
-2.093 -3.419 0.924
-1.967 -3.420 0.922
-1.841 -3.422 0.920
-1.716 -3.424 0.919
-1.590 -3.425 0.919
-1.464 -3.427 0.918
-1.337 -3.428 0.917
-1.211 -3.430 0.917
-1.085 -3.432 0.916
-0.958 -3.433 0.916
-0.832 -3.434 0.915
-0.705 -3.435 0.915
-0.579 -3.436 0.914
-0.452 -3.437 0.914
-0.325 -3.437 0.914
-0.198 -3.437 0.914
-0.072 -3.437 0.914
0.055 -3.437 0.914
0.182 -3.436 0.914
0.309 -3.436 0.914
0.436 -3.434 0.914
0.562 -3.433 0.914
0.689 -3.432 0.914
0.816 -3.430 0.915
0.942 -3.428 0.915
1.069 -3.426 0.916
1.195 -3.424 0.916
1.321 -3.421 0.917
1.447 -3.419 0.917
1.573 -3.417 0.918
1.699 -3.414 0.919
1.825 -3.412 0.921
1.951 -3.409 0.923
2.076 -3.407 0.926
2.202 -3.404 0.933
2.327 -3.401 0.944
2.451 -3.398 0.962
2.571 -3.393 0.994
2.677 -3.387 1.061
2.722 -3.383 1.177
2.646 -3.385 1.277
-2.648 -3.530 1.276
-2.728 -3.527 1.181
-2.694 -3.531 1.060
-2.589 -3.536 0.993
-2.467 -3.539 0.965
-2.343 -3.541 0.952
-2.218 -3.543 0.943
-2.092 -3.545 0.938
-1.967 -3.546 0.934
-1.841 -3.548 0.932
-1.716 -3.550 0.930
-1.590 -3.551 0.929
-1.464 -3.553 0.928
-1.337 -3.555 0.927
-1.211 -3.556 0.926
-1.085 -3.558 0.926
-0.958 -3.559 0.925
-0.832 -3.560 0.924
-0.705 -3.561 0.924
-0.579 -3.562 0.923
-0.452 -3.563 0.923
-0.325 -3.563 0.923
-0.198 -3.563 0.923
-0.071 -3.563 0.922
0.056 -3.563 0.922
0.183 -3.562 0.922
0.309 -3.562 0.922
0.436 -3.560 0.923
0.563 -3.559 0.923
0.690 -3.558 0.923
0.816 -3.556 0.924
0.943 -3.554 0.924
1.069 -3.552 0.925
1.196 -3.550 0.926
1.322 -3.548 0.926
1.448 -3.545 0.927
1.574 -3.543 0.929
1.700 -3.540 0.930
1.826 -3.538 0.933
1.952 -3.535 0.936
2.077 -3.533 0.941
2.202 -3.530 0.948
2.327 -3.527 0.958
2.452 -3.524 0.972
2.574 -3.520 0.999
2.682 -3.514 1.063
2.729 -3.510 1.178
2.652 -3.513 1.277
-2.655 -3.658 1.277
-2.736 -3.653 1.182
-2.697 -3.657 1.063
-2.591 -3.662 0.997
-2.468 -3.665 0.976
-2.343 -3.666 0.968
-2.218 -3.668 0.962
-2.092 -3.670 0.957
-1.967 -3.672 0.953
-1.841 -3.673 0.950
-1.716 -3.675 0.948
-1.590 -3.677 0.946
-1.464 -3.678 0.944
-1.338 -3.680 0.943
-1.211 -3.682 0.942
-1.085 -3.683 0.941
-0.958 -3.684 0.940
-0.832 -3.686 0.939
-0.705 -3.687 0.939
-0.578 -3.687 0.938
-0.452 -3.688 0.938
-0.325 -3.689 0.937
-0.198 -3.689 0.937
-0.071 -3.689 0.937
0.056 -3.688 0.937
0.183 -3.688 0.937
0.310 -3.687 0.937
0.437 -3.686 0.937
0.564 -3.684 0.937
0.691 -3.683 0.938
0.817 -3.681 0.938
0.944 -3.679 0.939
1.070 -3.677 0.940
1.197 -3.675 0.941
1.323 -3.673 0.942
1.449 -3.670 0.944
1.575 -3.668 0.946
1.701 -3.666 0.948
1.827 -3.663 0.951
1.953 -3.660 0.956
2.078 -3.658 0.961
2.203 -3.655 0.967
2.328 -3.653 0.973
2.453 -3.650 0.983
2.576 -3.646 1.005
2.687 -3.640 1.064
2.736 -3.636 1.179
2.666 -3.640 1.282
-2.673 -3.785 1.283
-2.746 -3.779 1.182
-2.700 -3.784 1.066
-2.592 -3.788 1.002
-2.468 -3.790 0.988
-2.343 -3.791 0.986
-2.218 -3.792 0.984
-2.093 -3.794 0.981
-1.967 -3.795 0.979
-1.842 -3.797 0.976
-1.716 -3.799 0.973
-1.590 -3.800 0.971
-1.464 -3.802 0.969
-1.338 -3.804 0.967
-1.212 -3.805 0.965
-1.085 -3.807 0.964
-0.959 -3.808 0.963
-0.832 -3.810 0.962
-0.705 -3.811 0.961
-0.578 -3.812 0.960
-0.452 -3.812 0.959
-0.325 -3.813 0.959
-0.198 -3.813 0.959
-0.071 -3.813 0.958
0.057 -3.812 0.958
0.184 -3.812 0.958
0.311 -3.811 0.959
0.438 -3.810 0.959
0.564 -3.809 0.959
0.691 -3.807 0.960
0.818 -3.805 0.960
0.945 -3.803 0.961
1.071 -3.801 0.963
1.198 -3.799 0.964
1.324 -3.797 0.966
1.450 -3.794 0.968
1.576 -3.792 0.971
1.702 -3.789 0.974
1.828 -3.786 0.978
1.953 -3.784 0.982
2.079 -3.781 0.985
2.204 -3.779 0.988
2.329 -3.777 0.991
2.455 -3.775 0.996
2.579 -3.772 1.013
2.692 -3.766 1.064
2.743 -3.762 1.179
2.685 -3.765 1.289
-2.697 -3.909 1.292
-2.757 -3.904 1.182
-2.701 -3.910 1.071
-2.594 -3.914 1.007
-2.469 -3.915 1.002
-2.343 -3.915 1.008
-2.218 -3.915 1.010
-2.093 -3.916 1.010
-1.968 -3.917 1.009
-1.842 -3.919 1.007
-1.716 -3.920 1.005
-1.590 -3.922 1.003
-1.464 -3.924 1.000
-1.338 -3.926 0.998
-1.212 -3.927 0.996
-1.086 -3.929 0.995
-0.959 -3.930 0.993
-0.832 -3.932 0.992
-0.705 -3.933 0.991
-0.579 -3.934 0.990
-0.452 -3.934 0.989
-0.324 -3.935 0.988
-0.197 -3.935 0.988
-0.070 -3.935 0.987
0.057 -3.935 0.987
0.184 -3.934 0.987
0.311 -3.933 0.988
0.438 -3.932 0.988
0.565 -3.931 0.989
0.692 -3.929 0.989
0.819 -3.927 0.990
0.946 -3.925 0.991
1.072 -3.923 0.993
1.199 -3.921 0.995
1.325 -3.918 0.997
1.451 -3.916 1.000
1.577 -3.913 1.002
1.703 -3.911 1.005
1.829 -3.908 1.008
1.954 -3.906 1.011
2.080 -3.904 1.013
2.205 -3.903 1.013
2.330 -3.901 1.012
2.456 -3.900 1.013
2.580 -3.897 1.023
2.698 -3.891 1.065
2.750 -3.888 1.179
2.693 -3.891 1.290
-2.713 -4.034 1.293
-2.771 -4.028 1.182
-2.700 -4.035 1.079
-2.594 -4.039 1.013
-2.469 -4.040 1.016
-2.344 -4.038 1.029
-2.219 -4.038 1.037
-2.094 -4.038 1.041
-1.968 -4.039 1.041
-1.843 -4.040 1.040
-1.717 -4.041 1.039
-1.591 -4.043 1.037
-1.465 -4.044 1.035
-1.339 -4.046 1.034
-1.212 -4.048 1.032
-1.086 -4.049 1.031
-0.959 -4.051 1.029
-0.833 -4.052 1.028
-0.706 -4.053 1.026
-0.579 -4.054 1.025
-0.452 -4.055 1.024
-0.324 -4.055 1.023
-0.197 -4.056 1.022
-0.070 -4.056 1.022
0.057 -4.055 1.022
0.185 -4.055 1.022
0.312 -4.054 1.023
0.439 -4.053 1.023
0.566 -4.051 1.024
0.693 -4.050 1.025
0.820 -4.048 1.025
0.947 -4.046 1.027
1.074 -4.044 1.028
1.200 -4.042 1.029
1.326 -4.039 1.031
1.452 -4.037 1.033
1.578 -4.035 1.035
1.704 -4.032 1.037
1.830 -4.030 1.039
1.956 -4.028 1.041
2.081 -4.026 1.041
2.206 -4.025 1.040
2.332 -4.025 1.035
2.457 -4.024 1.032
2.582 -4.022 1.037
2.703 -4.017 1.066
2.757 -4.013 1.179
2.704 -4.016 1.293
-2.764 -4.148 1.312
-2.775 -4.153 1.188
-2.658 -4.127 1.153
-2.595 -4.159 1.049
-2.470 -4.162 1.041
-2.345 -4.162 1.046
-2.220 -4.162 1.055
-2.094 -4.161 1.062
-1.969 -4.161 1.066
-1.843 -4.162 1.067
-1.718 -4.163 1.067
-1.592 -4.164 1.067
-1.466 -4.166 1.066
-1.340 -4.167 1.065
-1.213 -4.169 1.064
-1.087 -4.170 1.063
-0.960 -4.171 1.062
-0.833 -4.173 1.061
-0.706 -4.174 1.059
-0.579 -4.175 1.058
-0.452 -4.176 1.057
-0.325 -4.176 1.056
-0.197 -4.177 1.055
-0.070 -4.177 1.054
0.058 -4.176 1.054
0.185 -4.176 1.054
0.313 -4.175 1.055
0.440 -4.174 1.055
0.567 -4.172 1.055
0.695 -4.171 1.056
0.822 -4.169 1.056
0.948 -4.167 1.057
1.075 -4.165 1.058
1.202 -4.163 1.058
1.328 -4.161 1.059
1.454 -4.159 1.060
1.580 -4.157 1.061
1.706 -4.155 1.061
1.831 -4.153 1.061
1.957 -4.152 1.060
2.082 -4.150 1.058
2.207 -4.150 1.050
2.332 -4.150 1.037
2.458 -4.149 1.038
2.577 -4.141 1.075
2.702 -4.142 1.070
2.763 -4.138 1.179
2.717 -4.140 1.296
