-2.749 2.746 0.000
-2.172 2.402 0.013
-1.645 2.214 0.058
-1.153 2.086 0.193
-0.673 1.979 0.339
-0.232 1.871 0.562
0.266 1.862 0.530
0.743 1.936 0.413
1.246 1.956 0.404
1.673 2.152 0.185
2.149 2.377 0.013
2.749 2.747 0.000
-2.783 1.992 0.001
-2.263 1.846 0.006
-1.744 1.707 0.048
-1.244 1.592 0.161
-0.755 1.492 0.278
-0.252 1.444 0.304
0.243 1.472 0.217
0.744 1.505 0.159
1.246 1.563 0.096
1.727 1.703 -0.052
2.251 1.840 -0.034
2.754 1.969 0.053
-2.814 1.340 0.003
-2.305 1.271 -0.010
-1.794 1.181 0.001
-1.285 1.096 0.052
-0.776 1.031 0.088
-0.265 0.994 0.094
0.245 0.999 0.055
0.748 1.045 -0.041
1.258 1.100 -0.109
1.772 1.177 -0.072
2.272 1.266 0.035
2.771 1.320 0.083
-2.827 0.737 0.009
-2.323 0.704 -0.017
-1.816 0.648 -0.044
-1.305 0.596 -0.060
-0.793 0.559 -0.086
-0.278 0.540 -0.115
0.239 0.536 -0.139
0.757 0.550 -0.137
1.275 0.584 -0.099
1.769 0.654 0.042
2.276 0.699 0.060
2.774 0.724 0.113
-2.827 0.166 0.040
-2.325 0.151 0.024
-1.820 0.116 -0.015
-1.309 0.080 -0.042
-0.795 0.055 -0.044
-0.279 0.042 -0.046
0.237 0.043 -0.036
0.753 0.053 -0.024
1.256 0.093 0.071
1.767 0.121 0.083
2.272 0.146 0.076
2.770 0.156 0.131
-2.821 -0.384 0.083
-2.319 -0.389 0.082
-1.814 -0.407 0.064
-1.306 -0.431 0.031
-0.794 -0.449 0.023
-0.280 -0.460 0.017
0.234 -0.461 0.026
0.742 -0.442 0.103
1.253 -0.425 0.115
1.761 -0.408 0.098
2.265 -0.395 0.089
2.761 -0.392 0.153
-2.813 -0.920 0.113
-2.312 -0.920 0.105
-1.808 -0.930 0.105
-1.301 -0.943 0.092
-0.792 -0.955 0.089
-0.281 -0.962 0.091
0.229 -0.960 0.122
0.740 -0.953 0.126
1.248 -0.943 0.132
1.753 -0.933 0.097
2.256 -0.926 0.110
2.750 -0.924 0.190
-2.805 -1.446 0.141
-2.305 -1.444 0.120
-1.802 -1.449 0.116
-1.297 -1.457 0.107
-0.789 -1.465 0.103
-0.281 -1.469 0.114
0.228 -1.469 0.118
0.736 -1.465 0.139
1.243 -1.459 0.126
1.746 -1.453 0.102
2.246 -1.448 0.151
2.739 -1.445 0.241
-2.798 -1.963 0.168
-2.298 -1.961 0.139
-1.796 -1.963 0.129
-1.292 -1.968 0.117
-0.787 -1.973 0.108
-0.280 -1.976 0.110
0.227 -1.977 0.125
0.733 -1.974 0.137
1.238 -1.971 0.115
1.740 -1.967 0.132
2.237 -1.962 0.204
2.729 -1.959 0.295
-2.793 -2.473 0.199
-2.293 -2.472 0.173
-1.792 -2.473 0.161
-1.289 -2.476 0.142
-0.785 -2.480 0.129
-0.280 -2.482 0.128
0.226 -2.483 0.137
0.731 -2.482 0.130
1.234 -2.480 0.134
1.734 -2.475 0.182
2.231 -2.471 0.252
2.722 -2.466 0.346
-2.790 -2.979 0.215
-2.290 -2.978 0.194
-1.789 -2.978 0.190
-1.287 -2.980 0.169
-0.784 -2.984 0.149
-0.280 -2.986 0.141
0.225 -2.987 0.142
0.729 -2.986 0.150
1.231 -2.983 0.182
1.730 -2.979 0.232
2.228 -2.975 0.290
2.716 -2.968 0.400
-2.788 -3.480 0.247
-2.288 -3.478 0.235
-1.788 -3.477 0.243
-1.286 -3.478 0.235
-0.784 -3.481 0.221
-0.280 -3.483 0.209
0.223 -3.484 0.209
0.726 -3.482 0.229
1.227 -3.479 0.259
1.727 -3.477 0.292
2.225 -3.475 0.336
2.668 -3.439 0.566
