-2.871 2.863 0.001
-2.450 2.150 0.066
-2.125 1.774 0.120
-1.848 1.522 0.179
-1.597 1.330 0.253
-1.369 1.160 0.348
-1.166 0.986 0.452
-0.981 0.795 0.541
-0.799 0.594 0.599
-0.589 0.414 0.626
-0.343 0.274 0.647
-0.070 0.184 0.673
0.222 0.153 0.693
0.514 0.188 0.671
0.779 0.284 0.610
1.007 0.435 0.553
1.188 0.633 0.506
1.307 0.869 0.444
1.408 1.100 0.330
1.636 1.270 0.278
1.874 1.473 0.224
2.129 1.733 0.142
2.445 2.113 0.081
2.871 2.863 0.001
-2.816 2.000 0.044
-2.527 1.755 0.070
-2.240 1.500 0.101
-1.964 1.287 0.133
-1.698 1.112 0.166
-1.440 0.971 0.200
-1.187 0.855 0.241
-0.941 0.758 0.299
-0.704 0.668 0.381
-0.478 0.579 0.477
-0.255 0.490 0.568
-0.021 0.419 0.623
0.221 0.387 0.627
0.453 0.406 0.577
0.664 0.465 0.482
0.870 0.545 0.374
1.086 0.635 0.278
1.313 0.749 0.225
1.535 0.890 0.294
1.765 1.054 0.233
1.980 1.256 0.127
2.246 1.479 0.110
2.524 1.740 0.048
2.803 1.966 0.060
-2.834 1.433 0.078
-2.572 1.326 0.087
-2.306 1.163 0.107
-2.040 0.999 0.131
-1.776 0.850 0.156
-1.516 0.721 0.183
-1.258 0.613 0.214
-1.006 0.520 0.253
-0.760 0.438 0.306
-0.522 0.359 0.371
-0.283 0.291 0.419
-0.040 0.235 0.451
0.205 0.188 0.469
0.457 0.187 0.452
0.701 0.234 0.399
0.925 0.316 0.306
1.162 0.399 0.234
1.376 0.529 0.338
1.612 0.650 0.246
1.804 0.818 0.104
2.055 0.980 0.163
2.297 1.149 0.061
2.560 1.308 0.081
2.813 1.403 0.104
-2.860 0.977 0.110
-2.606 0.918 0.105
-2.349 0.810 0.119
-2.091 0.687 0.137
-1.831 0.566 0.157
-1.572 0.455 0.178
-1.314 0.357 0.200
-1.059 0.273 0.223
-0.806 0.202 0.240
-0.555 0.146 0.248
-0.305 0.102 0.258
-0.057 0.070 0.263
0.192 0.050 0.260
0.444 0.039 0.249
0.700 0.040 0.241
0.961 0.074 0.259
1.178 0.185 0.374
1.405 0.283 0.254
1.605 0.416 0.107
1.838 0.552 0.205
2.066 0.680 0.079
2.327 0.799 0.098
2.582 0.900 0.110
2.830 0.953 0.142
-2.883 0.574 0.142
-2.633 0.534 0.124
-2.380 0.460 0.133
-2.126 0.367 0.148
-1.870 0.270 0.164
-1.612 0.176 0.182
-1.355 0.091 0.204
-1.099 0.016 0.231
-0.845 -0.047 0.268
-0.591 -0.095 0.309
-0.336 -0.131 0.343
-0.080 -0.155 0.367
0.177 -0.170 0.374
0.436 -0.175 0.377
0.696 -0.165 0.386
0.958 -0.139 0.402
1.169 -0.050 0.260
1.387 0.045 0.126
1.608 0.167 0.240
1.830 0.270 0.109
2.091 0.362 0.112
2.347 0.450 0.128
2.599 0.519 0.133
2.845 0.554 0.178
-2.901 0.201 0.175
-2.654 0.171 0.143
-2.403 0.117 0.149
-2.151 0.047 0.160
-1.897 -0.031 0.174
-1.641 -0.109 0.189
-1.384 -0.182 0.205
-1.126 -0.247 0.223
-0.868 -0.303 0.247
-0.611 -0.347 0.279
-0.354 -0.380 0.314
-0.096 -0.404 0.346
0.164 -0.419 0.368
0.426 -0.424 0.385
0.690 -0.420 0.387
0.915 -0.355 0.261
1.154 -0.296 0.157
1.373 -0.189 0.274
1.593 -0.104 0.143
1.853 -0.030 0.129
2.109 0.044 0.144
2.363 0.110 0.150
2.613 0.159 0.154
2.856 0.186 0.212
-2.915 -0.152 0.208
-2.670 -0.176 0.161
-2.420 -0.216 0.165
-2.169 -0.271 0.174
-1.916 -0.333 0.186
-1.661 -0.397 0.200
-1.404 -0.459 0.215
-1.147 -0.515 0.231
-0.888 -0.563 0.250
-0.629 -0.603 0.274
-0.370 -0.633 0.302
-0.111 -0.654 0.329
0.149 -0.668 0.349
0.411 -0.672 0.346
0.656 -0.643 0.261
0.908 -0.610 0.192
1.131 -0.522 0.306
1.354 -0.452 0.179
1.611 -0.393 0.149
1.867 -0.331 0.162
2.122 -0.272 0.168
2.374 -0.222 0.170
2.624 -0.185 0.174
2.863 -0.163 0.246
-2.925 -0.490 0.240
-2.683 -0.510 0.180
-2.433 -0.541 0.180
-2.182 -0.584 0.189
-1.929 -0.634 0.199
-1.675 -0.686 0.212
-1.419 -0.738 0.226
-1.161 -0.785 0.242
-0.903 -0.827 0.259
-0.644 -0.862 0.278
-0.384 -0.888 0.298
-0.125 -0.906 0.310
0.135 -0.916 0.304
0.394 -0.914 0.274
0.650 -0.900 0.227
0.881 -0.835 0.332
1.113 -0.782 0.220
1.367 -0.733 0.173
1.623 -0.682 0.181
1.878 -0.631 0.187
2.132 -0.584 0.188
2.383 -0.545 0.188
2.633 -0.516 0.193
2.867 -0.497 0.278
-2.930 -0.817 0.273
-2.691 -0.834 0.200
-2.441 -0.858 0.196
-2.190 -0.892 0.203
-1.938 -0.932 0.212
-1.684 -0.975 0.224
-1.429 -1.018 0.237
-1.171 -1.058 0.252
-0.913 -1.093 0.268
-0.655 -1.123 0.287
-0.396 -1.146 0.304
-0.136 -1.161 0.309
0.123 -1.169 0.290
0.383 -1.169 0.267
0.627 -1.131 0.348
0.871 -1.095 0.267
1.120 -1.055 0.202
1.377 -1.013 0.202
1.632 -0.970 0.205
1.886 -0.929 0.206
2.138 -0.891 0.205
2.389 -0.859 0.205
2.639 -0.837 0.213
2.869 -0.821 0.310
-2.932 -1.134 0.304
-2.697 -1.149 0.220
-2.447 -1.168 0.212
-2.196 -1.195 0.218
-1.944 -1.227 0.226
-1.690 -1.262 0.236
-1.435 -1.297 0.248
-1.178 -1.331 0.262
-0.920 -1.361 0.278
-0.662 -1.386 0.296
-0.403 -1.405 0.315
-0.144 -1.417 0.326
0.115 -1.421 0.325
0.371 -1.413 0.350
0.626 -1.392 0.313
0.872 -1.362 0.240
1.128 -1.329 0.227
1.383 -1.293 0.226
1.638 -1.258 0.225
1.891 -1.223 0.223
2.143 -1.192 0.221
2.393 -1.167 0.222
2.643 -1.149 0.233
2.868 -1.134 0.342
-2.931 -1.443 0.336
-2.700 -1.456 0.240
-2.450 -1.471 0.229
-2.199 -1.492 0.233
-1.947 -1.518 0.240
-1.693 -1.547 0.249
-1.438 -1.576 0.260
-1.182 -1.604 0.273
-0.925 -1.630 0.287
-0.667 -1.651 0.303
-0.408 -1.666 0.321
-0.149 -1.676 0.336
0.110 -1.678 0.346
0.369 -1.672 0.338
0.621 -1.653 0.281
0.876 -1.630 0.255
1.132 -1.602 0.249
1.387 -1.573 0.245
1.641 -1.543 0.242
1.894 -1.514 0.239
2.145 -1.489 0.238
2.396 -1.469 0.238
2.645 -1.454 0.254
2.865 -1.440 0.373
-2.928 -1.745 0.367
-2.701 -1.756 0.261
-2.451 -1.769 0.245
-2.200 -1.785 0.249
-1.948 -1.806 0.255
-1.695 -1.830 0.263
-1.440 -1.854 0.273
-1.184 -1.877 0.284
-0.927 -1.898 0.297
-0.669 -1.916 0.312
-0.411 -1.929 0.326
-0.152 -1.936 0.335
0.107 -1.937 0.334
0.365 -1.931 0.311
0.621 -1.917 0.286
0.878 -1.898 0.275
1.134 -1.875 0.268
1.389 -1.850 0.262
1.642 -1.825 0.258
1.895 -1.802 0.255
2.146 -1.781 0.254
2.397 -1.764 0.255
2.646 -1.752 0.277
2.861 -1.739 0.404
-2.923 -2.039 0.398
-2.701 -2.051 0.284
-2.451 -2.061 0.262
-2.200 -2.074 0.264
-1.948 -2.091 0.269
-1.694 -2.110 0.276
-1.440 -2.130 0.285
-1.184 -2.149 0.296
-0.928 -2.167 0.308
-0.670 -2.181 0.321
-0.412 -2.192 0.333
-0.153 -2.198 0.339
0.106 -2.198 0.333
0.364 -2.193 0.317
0.621 -2.182 0.303
0.878 -2.166 0.292
1.134 -2.146 0.284
1.388 -2.126 0.279
1.642 -2.105 0.274
1.894 -2.085 0.271
2.146 -2.068 0.270
2.396 -2.055 0.271
2.645 -2.045 0.300
2.855 -2.031 0.435
-2.916 -2.328 0.429
-2.699 -2.339 0.307
-2.450 -2.348 0.279
-2.198 -2.358 0.279
-1.946 -2.372 0.284
-1.693 -2.387 0.290
-1.439 -2.404 0.298
-1.184 -2.420 0.308
-0.927 -2.434 0.319
-0.670 -2.446 0.331
-0.412 -2.455 0.342
-0.154 -2.459 0.346
0.105 -2.460 0.341
0.363 -2.455 0.331
0.620 -2.446 0.319
0.877 -2.432 0.309
1.133 -2.417 0.300
1.387 -2.399 0.294
1.641 -2.382 0.290
1.893 -2.366 0.287
2.145 -2.351 0.286
2.395 -2.340 0.288
2.643 -2.331 0.325
2.850 -2.318 0.465
-2.909 -2.612 0.461
-2.696 -2.623 0.330
-2.448 -2.630 0.297
-2.196 -2.638 0.295
-1.944 -2.649 0.299
-1.691 -2.662 0.304
-1.437 -2.676 0.311
-1.182 -2.689 0.320
-0.926 -2.701 0.330
-0.670 -2.711 0.340
-0.412 -2.718 0.349
-0.154 -2.721 0.353
0.104 -2.721 0.350
0.362 -2.717 0.343
0.619 -2.709 0.333
0.876 -2.698 0.324
1.131 -2.685 0.316
1.385 -2.671 0.309
1.639 -2.656 0.305
1.891 -2.642 0.302
2.143 -2.630 0.301
2.394 -2.621 0.305
2.640 -2.613 0.351
2.844 -2.600 0.495
-2.901 -2.890 0.494
-2.693 -2.902 0.355
-2.445 -2.908 0.317
-2.194 -2.915 0.311
-1.942 -2.924 0.314
-1.689 -2.934 0.318
-1.435 -2.945 0.324
-1.180 -2.956 0.332
-0.925 -2.966 0.340
-0.668 -2.975 0.348
-0.411 -2.980 0.355
-0.154 -2.983 0.357
0.104 -2.983 0.356
0.361 -2.979 0.351
0.618 -2.973 0.345
0.874 -2.963 0.337
1.129 -2.952 0.330
1.384 -2.940 0.324
1.637 -2.927 0.320
1.889 -2.916 0.317
2.141 -2.906 0.317
2.392 -2.898 0.324
2.636 -2.890 0.377
2.837 -2.876 0.525
-2.891 -3.165 0.527
-2.689 -3.176 0.380
-2.442 -3.182 0.337
-2.191 -3.187 0.329
-1.939 -3.195 0.330
-1.686 -3.204 0.333
-1.433 -3.213 0.338
-1.178 -3.222 0.344
-0.923 -3.231 0.350
-0.667 -3.238 0.355
-0.410 -3.242 0.359
-0.153 -3.245 0.360
0.104 -3.244 0.360
0.361 -3.241 0.357
0.617 -3.235 0.353
0.873 -3.227 0.348
1.128 -3.217 0.343
1.382 -3.207 0.338
1.635 -3.196 0.335
1.887 -3.186 0.333
2.139 -3.177 0.334
2.389 -3.170 0.345
2.633 -3.162 0.402
2.830 -3.149 0.556
-2.878 -3.435 0.562
-2.685 -3.446 0.404
-2.439 -3.451 0.359
-2.188 -3.456 0.348
-1.936 -3.463 0.347
-1.683 -3.470 0.348
-1.430 -3.478 0.351
-1.176 -3.486 0.355
-0.921 -3.493 0.358
-0.665 -3.499 0.361
-0.409 -3.503 0.363
-0.153 -3.505 0.363
0.104 -3.505 0.363
0.360 -3.502 0.362
0.617 -3.496 0.360
0.872 -3.489 0.357
1.127 -3.481 0.354
1.381 -3.471 0.352
1.634 -3.462 0.350
1.886 -3.453 0.349
2.137 -3.445 0.352
2.387 -3.438 0.368
2.631 -3.430 0.425
2.822 -3.418 0.586
-2.861 -3.701 0.599
-2.682 -3.712 0.425
-2.436 -3.717 0.381
-2.185 -3.722 0.368
-1.934 -3.727 0.364
-1.681 -3.734 0.363
-1.428 -3.741 0.364
-1.174 -3.748 0.365
-0.919 -3.755 0.366
-0.664 -3.760 0.367
-0.408 -3.763 0.367
-0.152 -3.765 0.367
0.105 -3.764 0.367
0.361 -3.761 0.367
0.616 -3.756 0.366
0.872 -3.750 0.365
1.126 -3.742 0.365
1.380 -3.734 0.364
1.633 -3.725 0.364
1.885 -3.717 0.365
2.136 -3.709 0.371
2.386 -3.702 0.392
2.630 -3.695 0.444
2.811 -3.683 0.617
-2.840 -3.964 0.635
-2.680 -3.975 0.443
-2.434 -3.979 0.402
-2.183 -3.984 0.387
-1.932 -3.989 0.381
-1.680 -3.995 0.378
-1.427 -4.002 0.376
-1.173 -4.008 0.376
-0.918 -4.014 0.375
-0.663 -4.018 0.374
-0.407 -4.021 0.374
-0.151 -4.023 0.374
0.105 -4.022 0.374
0.361 -4.019 0.374
0.617 -4.015 0.374
0.872 -4.009 0.374
1.127 -4.002 0.375
1.380 -3.994 0.376
1.633 -3.986 0.377
1.885 -3.978 0.381
2.136 -3.970 0.390
2.385 -3.963 0.414
2.631 -3.957 0.459
2.797 -3.946 0.646
-2.816 -4.224 0.665
-2.680 -4.234 0.456
-2.433 -4.238 0.418
-2.183 -4.243 0.403
-1.931 -4.248 0.396
-1.679 -4.254 0.392
-1.426 -4.260 0.389
-1.172 -4.266 0.387
-0.917 -4.271 0.386
-0.662 -4.275 0.385
-0.406 -4.278 0.384
-0.150 -4.279 0.383
0.106 -4.278 0.383
0.362 -4.276 0.383
0.618 -4.272 0.384
0.873 -4.266 0.385
1.128 -4.259 0.386
1.382 -4.252 0.388
1.635 -4.244 0.391
1.887 -4.236 0.397
2.138 -4.229 0.408
2.387 -4.222 0.429
2.634 -4.215 0.468
2.781 -4.205 0.670
-2.796 -4.482 0.687
-2.681 -4.490 0.465
-2.434 -4.495 0.427
-2.184 -4.499 0.414
-1.932 -4.505 0.408
-1.680 -4.510 0.405
-1.427 -4.516 0.402
-1.173 -4.522 0.400
-0.918 -4.527 0.398
-0.662 -4.530 0.396
-0.406 -4.533 0.396
-0.149 -4.534 0.395
0.107 -4.533 0.395
0.364 -4.531 0.395
0.620 -4.527 0.395
0.876 -4.521 0.396
1.130 -4.515 0.398
1.385 -4.508 0.400
1.638 -4.500 0.404
1.890 -4.492 0.410
2.141 -4.485 0.420
2.391 -4.477 0.436
2.639 -4.470 0.474
2.765 -4.461 0.689
-2.789 -4.738 0.697
-2.684 -4.744 0.470
-2.437 -4.748 0.427
-2.186 -4.753 0.418
-1.935 -4.759 0.414
-1.682 -4.764 0.412
-1.429 -4.770 0.410
-1.175 -4.775 0.408
-0.919 -4.780 0.406
-0.663 -4.784 0.405
-0.406 -4.786 0.404
-0.149 -4.787 0.404
0.109 -4.786 0.403
0.366 -4.784 0.403
0.623 -4.780 0.404
0.879 -4.774 0.404
1.134 -4.768 0.406
1.389 -4.761 0.409
1.642 -4.753 0.412
1.895 -4.746 0.417
2.146 -4.738 0.424
2.397 -4.731 0.437
2.644 -4.723 0.479
2.758 -4.715 0.701
-2.799 -4.990 0.699
-2.686 -4.995 0.475
-2.443 -4.999 0.412
-2.192 -5.004 0.412
-1.940 -5.010 0.411
-1.687 -5.015 0.408
-1.433 -5.021 0.405
-1.178 -5.026 0.402
-0.922 -5.031 0.400
-0.665 -5.035 0.399
-0.407 -5.037 0.398
-0.149 -5.038 0.397
0.110 -5.037 0.397
0.369 -5.035 0.396
0.627 -5.031 0.396
0.884 -5.025 0.397
1.140 -5.019 0.399
1.395 -5.012 0.401
1.649 -5.004 0.406
1.902 -4.997 0.412
2.154 -4.989 0.421
2.404 -4.982 0.434
2.650 -4.974 0.484
2.841 -4.945 0.643
