0.567 3.398 -7.150
0.562 3.443 -7.459
0.415 3.472 -7.137
1.987 0.664 -10.221
1.866 0.642 -9.985
2.230 0.756 -9.968
-1.025 1.613 -6.401
-0.763 1.633 -6.284
-0.857 1.839 -6.464
-1.766 0.561 -9.719
-1.576 0.555 -9.572
-1.519 0.492 -9.842
1.044 2.979 -8.718
0.975 3.083 -8.501
1.175 3.007 -8.486
-0.398 1.374 -5.032
-0.320 1.406 -5.212
-0.619 1.435 -5.273
0.733 3.372 -7.411
-2.865 1.196 -8.097
-2.602 1.196 -7.979
-2.600 1.107 -8.282
-2.793 1.320 -7.497
-2.709 1.374 -7.209
-2.484 1.337 -7.392
-2.565 1.412 -6.886
-2.359 1.404 -7.004
1.119 2.847 -9.005
1.251 2.873 -8.800
-0.396 3.314 -7.181
-0.149 3.338 -6.963
-0.224 3.407 -7.249
-0.060 3.423 -7.047
-0.025 3.260 -6.917
0.551 1.657 -6.187
0.240 1.650 -6.128
0.553 1.574 -5.935
-0.359 1.579 -5.936
-0.175 1.640 -6.130
-0.531 1.645 -6.208
2.237 1.406 -6.241
2.456 1.402 -6.607
2.086 1.436 -6.518
2.572 1.191 -8.358
2.575 1.267 -7.996
2.865 1.249 -8.170
2.829 1.163 -8.612
0.977 0.394 -10.564
0.632 0.293 -10.426
1.004 0.349 -10.333
-2.568 1.011 -8.598
-2.855 1.103 -8.476
-1.450 1.469 -5.563
-1.144 1.497 -5.685
-1.401 1.505 -5.886
-0.444 1.462 -5.454
-0.826 1.480 -5.518
-0.965 1.438 -5.261
-0.764 1.422 -5.162
0.278 1.357 -4.962
0.654 1.371 -5.013
0.453 1.406 -5.173
1.104 2.045 -10.006
1.282 2.094 -9.745
1.188 1.820 -9.928
1.292 2.737 -9.095
1.305 2.657 -9.255
1.159 2.706 -9.306
1.010 3.053 -7.688
0.890 3.307 -7.695
0.853 3.131 -7.435
0.670 3.195 -7.207
0.094 2.923 -6.806
-0.236 2.838 -6.824
0.017 2.686 -6.677
-1.501 2.750 -8.786
-1.419 2.847 -8.576
-1.300 2.860 -8.736
-1.538 2.597 -8.554
-1.137 2.988 -8.459
-0.912 2.846 -8.716
1.298 2.539 -9.495
1.174 2.620 -9.485
0.591 3.043 -7.036
0.631 2.792 -6.921
0.789 2.963 -7.186
-0.595 1.864 -6.355
-0.291 1.865 -6.276
1.447 1.531 -9.624
1.272 1.549 -9.846
1.384 1.775 -9.666
-0.403 2.089 -6.422
-0.696 2.071 -6.522
-1.104 2.615 -9.169
-1.343 2.531 -9.312
-1.411 2.724 -9.012
2.759 1.084 -8.916
2.532 1.105 -8.689
1.972 0.993 -8.837
2.022 1.087 -8.599
2.248 1.045 -8.777
2.295 1.135 -8.496
-0.809 1.951 -10.374
-0.610 2.076 -10.177
-0.530 1.880 -10.482
0.226 2.524 -6.593
0.324 2.757 -6.747
0.521 2.548 -6.701
0.048 1.882 -6.252
-1.573 2.428 -9.448
-1.600 2.525 -9.244
-1.303 2.530 -7.574
-1.140 2.760 -7.617
-1.311 2.672 -7.837
-1.154 2.906 -7.875
-1.581 1.895 -7.271
-1.396 1.960 -7.038
-1.434 2.136 -7.281
-1.277 1.576 -6.576
-1.342 1.772 -6.804
-1.494 1.534 -6.769
-1.550 1.720 -7.024
-1.702 1.479 -7.009
-0.943 2.033 -6.650
-1.109 1.811 -6.617
0.429 3.240 -7.037
0.167 3.157 -6.915
0.383 2.994 -6.892
0.207 2.962 -8.566
0.032 3.010 -8.392
0.357 3.060 -8.356
-0.975 1.604 -10.212
-0.706 1.474 -10.333
-0.921 1.318 -10.187
1.774 0.794 -9.290
1.722 1.094 -9.298
1.903 0.892 -9.068
1.309 1.808 -6.811
1.131 2.055 -6.823
1.030 1.842 -6.585
1.214 1.607 -6.547
0.337 1.426 -10.405
0.564 1.261 -10.299
0.270 1.179 -10.361
-2.004 1.284 -8.500
-2.072 0.972 -8.531
-2.088 1.060 -8.306
0.797 2.512 -6.867
0.933 2.696 -7.145
0.685 2.304 -6.655
1.574 0.666 -9.565
1.422 0.835 -9.702
1.606 0.895 -9.494
1.882 1.194 -8.929
-0.193 1.560 -10.481
-0.419 1.384 -10.404
-0.492 1.638 -10.443
2.169 0.946 -9.041
-2.008 1.430 -6.998
-1.803 1.480 -6.716
2.056 1.175 -8.355
2.055 1.269 -8.065
2.312 1.221 -8.192
-0.145 3.329 -7.454
-0.254 3.260 -7.673
-0.404 3.378 -7.451
-1.708 2.214 -8.799
-1.756 2.064 -8.576
-1.654 2.334 -8.552
-1.282 0.459 -9.811
-1.317 0.429 -10.079
-1.914 1.486 -8.738
-1.919 1.592 -8.420
-1.844 1.789 -8.647
1.466 1.573 -6.758
-1.884 1.694 -8.100
-1.738 1.999 -8.008
-1.815 1.889 -8.342
-1.696 2.175 -8.303
-0.395 0.319 -10.162
-0.634 0.543 -10.129
-0.413 0.666 -10.215
0.292 2.351 -9.771
0.178 2.190 -10.019
0.049 2.293 -9.825
1.365 0.560 -9.800
-2.564 1.264 -7.696
-2.844 1.263 -7.796
-0.392 2.200 -9.967
-0.711 2.249 -9.875
-1.653 0.504 -10.027
-1.517 0.466 -10.320
1.486 1.534 -6.478
1.217 1.547 -6.252
1.559 1.479 -6.161
-0.275 2.705 -9.030
-0.304 2.847 -8.735
-0.065 2.803 -8.862
-0.996 2.233 -6.846
-1.178 2.007 -6.829
0.531 2.645 -9.266
0.405 2.498 -9.519
0.226 2.606 -9.298
-0.796 2.227 -6.685
0.941 1.865 -10.165
-1.292 1.545 -6.217
-1.653 1.503 -6.134
-1.138 1.531 -5.948
-0.011 1.549 -5.877
-1.587 1.636 -9.563
-1.695 1.845 -9.304
-1.567 1.923 -9.575
1.136 2.976 -7.947
1.093 3.127 -8.200
1.003 3.227 -7.947
0.126 3.111 -8.140
-2.002 0.833 -8.879
-2.289 0.926 -8.726
-0.532 2.326 -6.617
-0.213 2.321 -6.494
-0.020 0.320 -10.186
0.353 0.346 -10.158
0.210 0.310 -10.413
-0.944 3.123 -8.179
-0.586 3.070 -8.244
-0.837 2.983 -8.432
-0.798 3.217 -7.971
1.016 0.423 -10.756
1.284 0.472 -10.648
-0.528 2.604 -6.813
-0.784 2.425 -6.835
-0.841 3.208 -7.676
-0.797 3.032 -7.426
-0.621 3.273 -7.412
-0.255 2.556 -6.647
1.374 2.282 -9.460
1.465 1.981 -9.423
-1.116 2.744 -8.930
-1.107 2.612 -7.367
-0.932 2.682 -7.217
-0.963 2.821 -7.412
1.380 1.308 -9.734
1.568 1.343 -9.471
1.027 0.957 -10.012
1.203 0.766 -9.883
0.940 0.693 -10.025
1.284 1.047 -9.830
1.707 1.878 -7.630
1.763 1.674 -7.423
1.872 1.623 -7.749
-1.813 0.648 -9.352
-2.067 0.649 -9.596
1.323 2.751 -8.474
1.239 2.877 -8.208
1.388 2.603 -8.173
-2.135 0.729 -9.283
-1.918 0.738 -9.113
1.538 2.095 -7.479
1.450 2.333 -7.656
1.341 2.299 -7.337
0.278 0.498 -10.194
0.594 0.372 -10.121
0.608 1.523 -10.332
-0.569 1.523 -5.735
-0.223 1.504 -5.657
-0.852 2.694 -9.025
-0.574 2.639 -9.150
-0.821 2.553 -9.297
0.325 2.069 -10.234
0.186 1.878 -10.516
0.039 2.026 -10.267
-1.962 0.590 -9.928
-1.273 2.381 -7.310
2.222 1.366 -7.559
2.405 1.385 -7.244
2.553 1.331 -7.604
-1.199 0.405 -10.400
-1.364 0.461 -10.582
0.158 1.491 -5.570
0.285 1.558 -5.836
1.934 1.340 -8.614
-1.590 2.051 -7.513
-1.719 1.822 -7.517
-0.822 1.032 -10.175
-0.511 0.941 -10.264
-0.716 0.769 -10.152
-1.021 2.461 -7.085
0.828 1.632 -10.235
0.665 1.776 -10.339
-1.223 1.465 -9.994
-0.769 2.651 -7.023
-1.572 1.518 -6.467
1.156 0.498 -9.900
-1.159 1.451 -5.369
-1.231 2.205 -7.060
-0.621 1.207 -10.301
-0.889 1.535 -5.836
-0.579 2.915 -8.580
0.091 2.315 -6.468
-0.025 2.490 -6.559
0.597 0.651 -10.153
0.055 1.359 -10.432
-1.722 1.656 -7.274
-1.652 2.358 -9.026
-1.556 2.660 -8.969
1.016 1.363 -5.148
1.290 1.383 -5.299
0.956 1.416 -5.362
-1.204 1.823 -10.051
0.818 3.298 -8.028
0.913 3.170 -8.314
0.609 3.157 -8.197
-1.436 2.706 -8.324
1.565 1.653 -9.368
1.041 1.583 -10.073
1.106 1.272 -9.989
-1.723 1.193 -9.357
-1.706 0.854 -9.408
-1.873 1.018 -9.112
-0.320 1.135 -10.359
-1.028 3.122 -7.934
0.397 1.682 -10.433
-1.841 0.558 -10.300
1.717 1.407 -9.172
0.496 1.509 -5.672
0.684 3.063 -8.443
-0.751 1.723 -10.362
0.717 1.869 -6.415
0.387 1.859 -6.297
1.504 1.087 -9.600
1.434 2.523 -8.451
1.572 1.721 -7.076
1.149 2.494 -7.240
1.272 2.533 -7.521
1.111 2.684 -7.396
0.619 2.137 -10.185
0.465 2.242 -9.982
-0.084 3.094 -6.901
-2.808 1.020 -8.802
0.836 1.400 -10.198
0.815 1.127 -10.157
-0.588 0.329 -10.604
-0.800 0.378 -10.814
-0.894 0.360 -10.510
1.399 2.579 -8.705
0.939 2.164 -10.171
0.732 2.056 -10.329
-2.339 0.709 -9.852
-2.362 0.754 -9.461
-0.402 3.176 -7.948
0.237 2.098 -6.377
0.548 2.083 -6.467
-0.538 2.842 -7.009
-0.765 2.850 -7.214
-1.454 1.489 -9.760
-1.429 1.731 -9.800
-0.194 3.082 -8.183
0.470 1.959 -10.438
-0.031 2.906 -8.642
-0.276 2.972 -8.460
-0.588 3.320 -7.685
-2.126 1.453 -6.667
-2.414 1.444 -6.584
-2.242 1.467 -6.323
0.463 2.959 -8.613
-1.592 2.301 -8.039
1.618 2.112 -7.812
-1.595 2.174 -7.767
-1.459 2.426 -7.800
1.007 2.460 -7.022
-1.568 2.449 -8.304
-1.454 2.565 -8.063
-2.066 1.196 -7.948
-1.992 1.321 -7.577
-1.949 1.499 -7.858
-1.599 0.501 -10.452
-1.729 2.052 -9.043
-1.779 1.969 -8.812
-1.423 2.012 -9.804
-0.024 1.131 -10.378
-0.181 1.309 -10.422
0.495 0.968 -10.250
0.222 0.748 -10.255
0.600 2.398 -9.728
-1.124 0.424 -10.694
-0.890 0.599 -10.034
0.063 2.723 -9.065
-0.095 2.602 -9.290
-0.574 3.061 -7.208
-2.548 0.806 -9.527
-0.089 2.105 -6.365
1.523 2.344 -8.301
1.509 2.337 -8.608
-1.696 1.964 -7.719
0.115 1.603 -10.481
-1.118 1.132 -10.023
1.281 1.429 -5.654
1.559 1.380 -5.491
-1.722 1.518 -9.315
-0.479 0.344 -10.888
-0.277 0.316 -10.651
-0.098 0.332 -10.914
0.703 3.394 -7.746
2.052 0.845 -9.293
0.855 0.424 -10.033
-1.816 1.764 -7.790
-0.353 1.860 -10.519
-1.864 1.405 -7.288
0.064 0.315 -10.651
0.304 0.343 -10.877
2.341 0.913 -9.271
2.455 1.013 -8.984
-1.852 1.346 -9.058
2.659 0.996 -9.225
0.757 2.954 -8.667
-0.992 2.978 -7.653
0.058 2.449 -9.565
-1.997 1.394 -8.190
2.211 1.426 -6.882
1.886 1.477 -6.937
1.933 1.466 -6.701
-1.303 2.816 -8.096
0.848 2.705 -9.203
2.057 0.731 -9.757
2.500 0.895 -9.555
1.610 1.546 -6.915
1.781 1.493 -7.188
1.339 0.461 -10.236
1.190 0.395 -10.241
-1.610 2.488 -8.782
0.987 2.889 -7.419
1.170 2.787 -7.678
1.354 2.568 -7.831
1.693 1.513 -6.707
-1.967 1.162 -8.807
0.392 2.319 -6.525
-1.378 1.238 -9.818
-0.141 0.874 -10.301
-1.071 2.466 -9.443
-0.079 1.854 -10.538
-0.289 2.007 -10.281
1.598 1.886 -9.113
1.492 2.177 -9.159
1.601 2.079 -8.805
0.165 0.973 -10.321
-0.064 3.177 -7.908
2.201 0.819 -9.531
1.175 2.271 -7.047
0.952 2.294 -6.833
0.855 2.088 -6.623
-2.017 1.480 -6.058
-1.904 1.485 -6.394
-1.725 1.480 -5.776
0.823 2.842 -8.915
1.717 0.642 -9.766
1.899 0.742 -9.532
2.352 0.818 -9.791
2.006 1.398 -5.953
1.902 1.438 -6.214
-0.981 0.371 -10.218
0.689 0.376 -10.816
2.783 1.334 -7.516
2.834 1.305 -7.775
-1.808 1.714 -8.994
-1.456 2.289 -7.537
2.613 1.389 -6.933
1.804 1.496 -8.870
-0.668 0.330 -10.331
1.775 1.478 -6.463
-1.141 3.052 -8.106
1.744 1.427 -5.955
1.723 1.382 -5.644
-0.139 0.304 -10.418
0.198 1.419 -5.232
-1.298 2.944 -8.358
1.554 0.538 -10.531
1.225 0.439 -10.422
-0.740 0.359 -10.053
-0.414 0.310 -10.433
0.897 1.628 -6.352
-0.099 2.172 -10.019
1.665 0.569 -10.228
1.522 0.554 -9.983
-0.925 2.131 -10.067
-1.072 2.290 -9.755
-1.087 2.056 -10.184
-1.257 2.129 -10.025
-0.974 1.831 -10.248
-0.584 2.774 -8.872
0.309 3.362 -7.431
0.407 3.309 -7.678
1.729 0.589 -10.426
1.268 2.768 -7.966
-0.335 3.083 -7.010
1.358 2.609 -8.995
1.387 2.441 -9.218
1.398 2.027 -7.121
-0.551 2.496 -9.412
-0.353 2.578 -9.274
2.023 1.336 -7.836
1.955 1.407 -7.566
2.293 1.297 -7.876
-2.644 0.866 -9.339
0.220 2.857 -8.810
0.967 2.608 -9.427
0.382 0.324 -10.635
0.779 2.288 -9.953
0.191 3.424 -6.980
-1.007 0.850 -10.032
0.541 2.847 -8.850
1.463 2.373 -8.920
-1.542 2.161 -9.587
-1.637 2.189 -9.319
-0.035 1.356 -4.967
-0.678 1.583 -6.019
0.781 0.880 -10.131
2.079 1.424 -7.230
-1.071 0.415 -9.920
1.929 1.548 -8.046
-1.163 0.672 -9.891
-0.785 2.400 -9.576
0.938 2.460 -9.676
0.716 2.552 -9.469
2.727 1.359 -7.268
1.116 2.293 -9.960
-0.961 1.575 -6.116
-0.485 2.364 -9.684
1.732 1.874 -8.542
1.628 2.118 -8.447
-0.116 1.427 -5.352
-2.334 1.029 -8.431
0.855 0.366 -10.229
-2.512 0.922 -8.893
1.605 1.883 -7.342
1.687 1.643 -9.074
1.235 2.439 -9.698
1.717 1.767 -8.833
1.837 1.609 -8.582
-1.458 2.274 -9.753
0.368 2.737 -9.058
-2.349 1.130 -8.136
0.620 2.754 -9.057
-1.281 0.950 -9.857
1.835 1.715 -8.297
1.776 1.854 -7.992
1.951 1.448 -8.329
-1.523 1.046 -9.626
-1.576 1.346 -9.580
-1.855 1.583 -7.549
-2.170 1.363 -7.312
-2.281 1.284 -7.632
0.896 1.550 -6.038
0.454 1.455 -5.403
-2.373 1.211 -7.879
1.017 1.446 -5.560
1.521 1.427 -5.806
1.258 1.480 -5.948
0.796 1.504 -5.748
-0.186 2.322 -9.754
-0.266 2.470 -9.498
0.371 3.149 -8.103
0.524 3.243 -7.937
-0.078 0.570 -10.228
0.245 3.202 -7.895
0.083 3.275 -7.615
-1.305 2.402 -9.544
0.082 3.366 -7.276
0.735 1.456 -5.499
0.682 1.411 -5.255
0.821 1.364 -5.065
1.728 1.939 -8.283
-2.110 0.633 -10.096
1.639 2.123 -8.137
-2.221 0.822 -9.012
-2.435 0.834 -9.173
1.506 2.352 -7.986
-2.742 0.951 -9.059
1.049 1.483 -5.793
-1.424 0.751 -9.702
